STATIONS_ID;MESS_DATUM_BEGINN;MESS_DATUM_ENDE;QN_4;MO_N;MO_TT;MO_TX;MO_TN;MO_FK;MX_TX;MX_FX;MX_TN;MO_SD_S;QN_6;MO_RR;MX_RS;eor
       4177;19440701;19440731;    5;  -999;  17.70;   23.50;   12.10;-999;-999;-999;-999;-999;    5;    68.6;   27.5;eor
       4177;19440801;19440831;    5;  -999;  21.60;   27.60;   14.00;-999;-999;-999;-999;-999;    5;    44.4;   12.0;eor
       4177;19440901;19440930;    5;  -999;  13.80;   18.30;    8.90;-999;-999;-999;-999;-999;    5;   106.3;   18.8;eor
       4177;19441001;19441031;    5;  -999;   9.00;   13.70;    5.30;-999;-999;-999;-999;-999;    5;    83.8;   29.0;eor
       4177;19441101;19441130;    5;  -999;   4.00;    8.00;    1.10;-999;-999;-999;-999;-999;    5;   111.2;   16.5;eor
       4177;19441201;19441231;    5;  -999;   0.00;    3.50;   -3.20;-999;-999;-999;-999;-999;    5;    67.8;   18.0;eor
       4177;19450101;19450131;    5;  -999;  -4.60;   -0.90;   -8.50;-999;-999;-999;-999;-999;-999;-999;-999;eor
       4177;19450201;19450228;    5;  -999;   4.40;    9.50;    0.50;-999;-999;-999;-999;-999;-999;-999;-999;eor
       4177;19450301;19450331;    5;  -999;   5.60;   11.60;    1.60;-999;-999;-999;-999;-999;-999;-999;-999;eor
       4177;19450501;19450531;    5;  -999;   -999;   22.00;    7.70;-999;-999;-999;-999;-999;-999;-999;-999;eor
       4177;19450601;19450630;    5;  -999;  18.20;   24.60;   11.10;-999;-999;-999;-999;-999;-999;-999;-999;eor
       4177;19450701;19450731;    5;  -999;  19.10;   25.70;   13.00;-999;-999;-999;-999;-999;-999;-999;-999;eor
       4177;19450801;19450831;    5;  -999;  17.00;   22.30;   12.00;-999;-999;-999;-999;-999;-999;-999;-999;eor
       4177;19450901;19450930;    5;  -999;  15.20;   20.40;   11.20;-999;-999;-999;-999;-999;-999;-999;-999;eor
       4177;19451001;19451031;    5;  -999;  10.70;   15.20;    5.80;-999;-999;-999;-999;-999;-999;-999;-999;eor
       4177;19460101;19460131;-999;-999;-999;-999;-999;-999;-999;-999;-999;-999;    5;    24.4;    7.5;eor
       4177;19460201;19460228;-999;-999;-999;-999;-999;-999;-999;-999;-999;-999;    5;    90.7;   20.0;eor
       4177;19460301;19460331;-999;-999;-999;-999;-999;-999;-999;-999;-999;-999;    5;    14.3;    4.0;eor
       4177;19460401;19460430;-999;-999;-999;-999;-999;-999;-999;-999;-999;-999;    5;    17.1;    4.0;eor
       4177;19460501;19460531;    5;  -999;  14.30;   20.00;    8.60;-999;-999;-999;-999;-999;    5;    99.4;   24.0;eor
       4177;19460601;19460630;    5;  -999;  16.00;   20.40;   11.40;-999;-999;-999;-999;-999;    5;   137.1;   33.1;eor
       4177;19460701;19460731;    5;  -999;  19.70;   25.40;   13.50;-999;-999;-999;-999;-999;    5;    48.2;   12.6;eor
       4177;19460801;19460831;    5;  -999;  17.50;   23.40;   11.90;-999;-999;-999;-999;-999;    5;    69.6;   12.9;eor
       4177;19460901;19460930;    5;  -999;  14.80;   21.10;    9.60;-999;-999;-999;-999;-999;    5;    39.9;   12.1;eor
       4177;19461001;19461031;    5;  -999;   8.50;   12.90;    4.40;-999;-999;-999;-999;-999;    5;    58.8;   15.5;eor
       4177;19461101;19461130;    5;  -999;   4.60;    8.20;    1.00;-999;-999;-999;-999;-999;    5;    38.8;    8.1;eor
       4177;19461201;19461231;    5;  -999;  -1.00;    1.40;   -4.20;-999;-999;-999;-999;-999;    5;    24.4;    6.7;eor
       4177;19470101;19470131;    5;  -999;  -2.70;    0.20;   -6.60;-999;-999;-999;-999;-999;    5;    34.5;    7.8;eor
       4177;19470201;19470228;    5;  -999;  -3.30;   -0.30;   -7.30;-999;-999;-999;-999;-999;    5;    45.1;   17.0;eor
       4177;19470301;19470331;    5;  -999;   5.70;   10.40;    0.60;-999;-999;-999;-999;-999;    5;   106.9;   18.0;eor
       4177;19470401;19470430;    5;  -999;  11.70;   17.70;    5.00;-999;-999;-999;-999;-999;    5;    48.7;    7.0;eor
       4177;19470501;19470531;    5;  -999;  15.80;   21.10;    9.10;-999;-999;-999;-999;-999;    5;    48.3;    8.5;eor
       4177;19470601;19470630;    5;  -999;  19.40;   25.40;   12.00;-999;-999;-999;-999;-999;    5;    33.6;    9.5;eor
       4177;19470701;19470731;    5;  -999;  21.20;   27.70;   14.10;-999;-999;-999;-999;-999;    5;    82.1;   28.4;eor
       4177;19470801;19470831;    5;  -999;  21.50;   29.10;   12.60;-999;-999;-999;-999;-999;    5;    19.1;   12.5;eor
       4177;19470901;19470930;    5;  -999;  17.80;   26.60;    9.90;-999;-999;-999;-999;-999;    5;    37.0;   27.6;eor
       4177;19471001;19471031;    5;  -999;   8.70;   15.70;    2.20;-999;-999;-999;-999;-999;    5;    23.7;   12.0;eor
       4177;19471101;19471130;    5;  -999;   6.80;   10.50;    3.60;-999;-999;-999;-999;-999;    5;   106.1;   25.7;eor
       4177;19471201;19471231;    5;  -999;   2.40;    4.70;   -0.40;-999;-999;-999;-999;-999;    5;   164.7;   60.0;eor
       4177;19480101;19480131;    5;  6.79;   5.65;    8.46;    2.19;    3.02;  14.8;-999;  -3.5;  52.80;    5;   132.7;   50.1;eor
       4177;19480201;19480229;    5;  5.35;   2.78;    6.07;   -0.47;    3.17;  14.0;-999; -12.4;  75.40;    5;    37.6;   10.7;eor
       4177;19480301;19480331;    5;  3.77;   7.95;   14.00;    1.71;    2.53;  20.4;-999;  -3.3; 199.00;    5;    27.3;   16.7;eor
       4177;19480401;19480430;    5;  4.85;  11.70;   17.11;    5.78;    2.98;  25.4;-999;  -0.2; 227.40;    5;    40.4;    9.0;eor
       4177;19480501;19480531;    5;  4.51;  15.66;   20.97;    9.12;    2.69;  27.2;-999;   3.7; 276.90;    5;    57.0;    7.4;eor
       4177;19480601;19480630;    5;  5.10;  17.23;   22.37;   11.28;    3.03;  32.2;-999;   5.6; 258.20;    5;   128.0;   34.3;eor
       4177;19480701;19480731;    5;  5.35;  17.41;   21.77;   12.88;    2.99;  31.9;-999;   8.1; 216.60;    5;   104.3;   22.7;eor
       4177;19480801;19480831;    5;  4.73;  17.67;   23.08;   12.98;    2.60;  32.0;-999;   8.2; 249.80;    5;    98.6;   36.5;eor
       4177;19480901;19480930;    5;  4.10;  13.96;   20.10;    8.66;    1.86;  28.2;-999;   0.2; 213.50;    5;    28.2;   10.7;eor
       4177;19481001;19481031;    5;  4.35;   9.35;   15.30;    4.35;    2.28;  23.2;-999;   0.2; 175.20;    5;    31.8;   14.1;eor
       4177;19481101;19481130;    5;  5.61;   4.26;    8.10;    0.94;    1.77;  16.2;-999;  -8.2;  58.40;    5;    41.6;   24.5;eor
       4177;19481201;19481231;    5;  5.57;  -0.19;    2.92;   -3.55;    2.10;  10.5;-999; -12.0;  47.40;    5;    28.6;    8.0;eor
       4177;19490101;19490131;    5;  6.02;   2.00;    4.77;   -0.66;    2.61;  10.0;-999;  -6.2;  64.60;    5;    40.6;   16.9;eor
       4177;19490201;19490228;    5;  4.26;   1.85;    6.89;   -2.27;    2.27;  13.5;-999; -10.0; 118.90;    5;    19.4;    5.6;eor
       4177;19490301;19490331;    5;  4.03;   4.11;    9.43;   -1.20;    2.96;  22.0;-999; -13.0; 201.30;    5;    27.9;   10.9;eor
       4177;19490401;19490430;    5;  4.51;  12.29;   18.79;    6.08;    2.94;  28.5;-999;  -1.6; 210.40;    5;    75.4;   27.0;eor
       4177;19490501;19490531;    5;  5.84;  13.09;   17.83;    8.22;    2.45;  27.2;-999;  -2.3; 179.80;    5;   109.7;   22.5;eor
       4177;19490601;19490630;    5;  3.92;  16.15;   22.51;    8.41;    2.47;  29.5;-999;   2.2; 309.70;    5;    21.0;    8.8;eor
       4177;19490701;19490731;    5;  2.80;  20.19;   27.61;   11.61;    2.47;  35.6;-999;   5.3; 375.00;    5;     8.6;    3.9;eor
       4177;19490801;19490831;    5;  3.91;  18.91;   25.24;   12.43;    2.37;  33.7;-999;   6.7; 273.50;    5;    59.2;   24.5;eor
       4177;19490901;19490930;    5;  2.66;  17.65;   24.74;   11.73;    1.86;  32.5;-999;   5.0; 240.90;    5;    32.3;    9.2;eor
       4177;19491001;19491031;    5;  4.45;  11.51;   17.24;    6.51;    2.09;  22.0;-999;  -3.5; 138.70;    5;    48.2;   20.5;eor
       4177;19491101;19491130;    5;  5.77;   4.57;    7.91;    1.46;    2.28;  14.7;-999;  -7.3;  71.40;    5;    49.8;    9.7;eor
       4177;19491201;19491231;    5;  6.30;   4.27;    6.63;    1.80;    2.83;  14.5;-999;  -5.7;  36.40;    5;    66.8;   17.6;eor
       4177;19500101;19500131;    5;  5.56;   0.10;    2.96;   -2.63;    2.76;   8.5;-999; -10.5;  61.50;    5;    27.2;    7.0;eor
       4177;19500201;19500228;    5;  5.58;   4.67;    8.65;    0.86;    2.90;  15.2;-999; -11.7;  64.90;    5;   101.4;   14.5;eor
       4177;19500301;19500331;    5;  3.75;   6.42;   12.03;    0.98;    2.40;  18.5;-999; -10.2; 215.80;    5;     7.9;    5.4;eor
       4177;19500401;19500430;    5;  5.49;   8.62;   12.57;    3.97;    3.18;  22.5;-999;  -2.1; 146.90;    5;    99.0;   16.8;eor
       4177;19500501;19500531;    5;  3.99;  15.10;   21.09;    9.01;    2.21;  27.8;-999;   2.3; 289.70;    5;    93.2;   19.1;eor
       4177;19500601;19500630;    5;  3.57;  19.48;   26.19;   12.39;    2.46;  34.6;-999;   8.8; 336.90;    5;    74.5;   28.3;eor
       4177;19500701;19500731;    5;  4.18;  20.60;   26.84;   12.40;    2.22;  34.4;-999;   6.4; 334.80;    5;   127.9;   32.9;eor
       4177;19500801;19500831;    5;  4.18;  18.24;   24.72;   12.90;    1.86;  32.5;-999;   7.4; 277.80;    5;   156.9;   38.5;eor
       4177;19500901;19500930;    5;  5.58;  14.23;   18.41;   10.91;    2.28;  27.6;-999;   5.3; 118.30;    5;    82.3;   19.0;eor
       4177;19501001;19501031;    5;  4.80;   8.86;   13.61;    4.99;    1.88;  21.0;-999;  -6.0; 124.60;    5;    18.1;    7.9;eor
       4177;19501101;19501130;    5;  6.67;   6.05;    9.15;    2.91;    2.40;  17.5;-999;  -5.5;  32.70;    5;   136.0;   20.6;eor
       4177;19501201;19501231;    5;  6.64;  -1.17;    1.22;   -3.87;    2.45;  14.5;-999; -10.1;  27.70;    5;    42.3;    7.3;eor
       4177;19510101;19510131;    5;  6.73;   3.95;    6.30;    0.90;    2.43;  12.3;-999;  -7.5;  29.50;    5;    71.0;   14.9;eor
       4177;19510201;19510228;    5;  6.15;   4.01;    8.04;    0.58;    2.42;  12.1;-999;  -3.0;  82.10;    5;    43.7;    8.7;eor
       4177;19510301;19510331;    5;  5.63;   4.96;    9.00;    0.69;    3.09;  18.0;-999;  -5.5; 107.10;    5;    71.2;   28.9;eor
       4177;19510401;19510430;    5;  4.27;   9.29;   14.90;    3.28;    3.19;  25.5;-999;  -1.8; 221.70;    5;    38.2;   11.3;eor
       4177;19510501;19510531;    5;  5.27;  13.42;   19.55;    7.05;    2.54;  29.7;-999;  -2.0; 237.10;    5;    45.4;    9.2;eor
       4177;19510601;19510630;    5;  5.57;  16.61;   22.00;   11.54;    2.47;  28.5;-999;   8.0; 221.50;    5;   132.0;   17.9;eor
       4177;19510701;19510731;    5;  4.09;  18.78;   24.88;   12.25;    2.16;  31.6;-999;   5.9; 294.70;    5;    33.2;    9.2;eor
       4177;19510801;19510831;    5;  5.34;  18.27;   24.05;   13.31;    2.05;  31.0;-999;   5.7; 243.30;    5;    76.4;   14.7;eor
       4177;19510901;19510930;    5;  4.49;  15.70;   21.54;   10.62;    1.91;  29.3;-999;   2.8; 192.60;    5;    53.1;   10.6;eor
       4177;19511001;19511031;    5;  3.88;   8.03;   14.04;    3.63;    2.15;  18.0;-999;  -3.0; 176.10;    5;    39.7;   18.4;eor
       4177;19511101;19511130;    5;  6.49;   7.41;   10.50;    4.53;    2.44;  16.2;-999;  -1.9;  57.90;    5;   109.6;   17.7;eor
       4177;19511201;19511231;    5;  6.32;   2.04;    4.56;   -0.64;    2.12;  10.5;-999;  -5.2;  44.50;    5;    39.9;   12.6;eor
       4177;19520101;19520131;    5;  7.04;   1.76;    3.97;   -0.53;    2.96;  10.5;-999;  -6.9;  35.10;    5;    44.3;    9.7;eor
       4177;19520201;19520229;    5;  6.66;   0.71;    3.12;   -2.04;    2.17;  10.6;-999; -10.0;  43.90;    5;    60.4;   29.2;eor
       4177;19520301;19520331;    5;  5.82;   6.10;   10.91;    2.07;    2.12;  17.5;-999;  -3.9; 140.00;    5;   130.6;   30.2;eor
       4177;19520401;19520430;    5;  5.06;  11.71;   18.05;    5.75;    1.65;  25.9;-999;  -2.5; 188.30;    5;    18.4;    7.7;eor
       4177;19520501;19520531;    5;  5.05;  14.80;   20.41;    8.49;    1.83;  26.5;-999;   1.8; 234.60;    5;    18.2;   10.6;eor
       4177;19520601;19520630;    5;  4.73;  18.10;   23.96;   11.74;    1.77;  33.7;-999;   5.8; 283.00;    5;    51.7;   18.3;eor
       4177;19520701;19520731;    5;  3.91;  21.52;   28.20;   14.25;    1.85;  36.9;-999;   6.4; 309.90;    5;     5.0;    2.6;eor
       4177;19520801;19520831;    5;  4.76;  19.56;   26.25;   13.40;    2.04;  34.5;-999;   6.1; 257.20;    5;    60.1;   16.0;eor
       4177;19520901;19520930;    5;  6.08;  12.09;   16.69;    8.69;    2.00;  22.5;-999;   3.3; 135.60;    5;   101.7;   17.8;eor
       4177;19521001;19521031;    5;  5.69;   8.83;   13.09;    5.37;    1.94;  19.0;-999;  -1.5; 117.30;    5;   108.0;   14.8;eor
       4177;19521101;19521130;    5;  6.86;   3.50;    6.14;    1.16;    2.09;  13.8;-999;  -5.8;  35.00;    5;   158.0;   37.1;eor
       4177;19521201;19521231;    5;  6.61;   1.16;    3.58;   -1.30;    2.14;  11.5;-999; -10.3;  44.40;    5;    88.0;   16.0;eor
       4177;19530101;19530131;    5;  6.81;  -0.64;    1.36;   -3.24;    1.73;  10.4;-999; -14.2;  33.90;    5;    22.2;    6.5;eor
       4177;19530201;19530228;    5;  6.17;   1.49;    4.33;   -1.62;    2.34;  12.7;-999; -18.8;  58.00;    5;    56.3;    9.0;eor
       4177;19530301;19530331;    5;  2.79;   6.14;   13.68;   -0.32;    1.95;  23.4;-999;  -5.1; 226.40;    5;     4.5;    3.9;eor
       4177;19530401;19530430;    5;  4.19;  10.76;   17.20;    4.38;    2.01;  24.0;-999;  -0.5; 237.90;    5;    33.4;    8.2;eor
       4177;19530501;19530531;    5;  4.61;  15.48;   21.61;    8.05;    1.98;  32.7;-999;  -2.6; 269.30;    5;    48.8;   30.5;eor
       4177;19530601;19530630;    5;  5.71;  16.60;   21.30;   11.77;    1.87;  27.0;-999;   2.9; 207.40;    5;   104.1;   22.6;eor
       4177;19530701;19530731;    5;  5.37;  18.75;   23.85;   13.96;    1.64;  31.3;-999;   8.6; 240.20;    5;   138.2;   24.8;eor
       4177;19530801;19530831;    5;  3.67;  18.02;   24.36;   11.84;    1.59;  31.7;-999;   6.9; 307.20;    5;    36.5;   10.9;eor
       4177;19530901;19530930;    5;  4.14;  15.03;   21.25;    9.48;    1.80;  32.1;-999;   2.4; 212.90;    5;    38.3;    9.9;eor
       4177;19531001;19531031;    5;  5.20;  10.53;   15.75;    6.17;    1.32;  23.7;-999;  -3.0; 124.40;    5;    22.1;    7.4;eor
       4177;19531101;19531130;    5;  5.91;   4.67;    8.25;    1.01;    1.46;  15.8;-999;  -5.0;  61.10;    5;     7.9;    3.6;eor
       4177;19531201;19531231;    5;  6.78;   2.59;    5.15;    0.39;    1.42;  16.0;-999;  -3.0;  29.90;    5;    17.2;    5.0;eor
       4177;19540101;19540131;    5;  5.76;  -1.26;    1.09;   -4.22;    3.34;  12.0;-999; -14.2;  75.90;    5;    47.2;   11.4;eor
       4177;19540201;19540228;    5;  5.40;  -0.59;    2.64;   -4.21;    2.09;   9.5;-999; -15.3;  64.60;    5;    32.9;    8.9;eor
       4177;19540301;19540331;    5;  4.63;   6.70;   12.40;    0.95;    2.22;  18.5;-999;  -3.5; 167.10;    5;     7.8;    3.2;eor
       4177;19540401;19540430;    5;  5.10;   7.58;   12.37;    2.32;    2.32;  20.4;-999;  -2.8; 156.30;    5;    47.9;    9.8;eor
       4177;19540501;19540531;    5;  4.70;  13.11;   18.80;    6.67;    1.75;  28.2;-999;   1.2; 232.50;    5;    45.2;   13.1;eor
       4177;19540601;19540630;    5;  4.78;  17.57;   23.15;   11.40;    1.65;  32.8;-999;   6.4; 241.40;    5;    37.5;    9.9;eor
       4177;19540701;19540731;    5;  5.73;  16.25;   21.13;   12.01;    2.02;  29.3;-999;   6.9; 176.50;    5;    78.6;   10.6;eor
       4177;19540801;19540831;    5;  5.32;  16.85;   22.48;   11.94;    1.52;  32.7;-999;   7.0; 200.20;    5;   113.2;   24.9;eor
       4177;19540901;19540930;    5;  5.42;  15.04;   19.99;   10.83;    2.08;  29.7;-999;   1.2; 156.00;    5;   124.1;   15.0;eor
       4177;19541001;19541031;    5;  4.57;  10.38;   15.94;    5.75;    1.47;  22.4;-999;   0.5; 133.10;    5;    56.6;   14.9;eor
       4177;19541101;19541130;    5;  5.83;   5.31;    9.10;    1.77;    1.39;  17.9;-999;  -3.9;  59.50;    5;    41.4;    7.9;eor
       4177;19541201;19541231;    5;  6.81;   4.55;    6.87;    2.25;    2.35;  11.7;-999;  -2.4;  28.50;    5;    71.1;   19.7;eor
       4177;19550101;19550131;    5;  6.31;  -0.13;    2.38;   -2.66;    1.99;  11.9;-999;  -8.7;  36.50;    5;   107.6;   41.2;eor
       4177;19550201;19550228;    5;  6.63;   0.69;    3.69;   -2.47;    2.20;  11.3;-999; -14.1;  47.60;    5;    63.6;   15.5;eor
       4177;19550301;19550331;    5;  4.54;   3.25;    7.38;   -0.33;    2.38;  22.5;-999;  -6.8; 154.50;    5;    26.6;    7.9;eor
       4177;19550401;19550430;    5;  4.33;   9.31;   14.65;    2.99;    2.00;  27.4;-999;  -4.4; 204.20;    5;    24.6;   17.7;eor
       4177;19550501;19550531;    5;  4.70;  12.19;   17.93;    6.43;    1.97;  27.5;-999;  -0.4; 252.10;    5;   103.2;   23.0;eor
       4177;19550601;19550630;    5;  5.53;  16.47;   21.82;   10.64;    1.59;  29.4;-999;   4.4; 193.00;    5;   108.8;   27.5;eor
       4177;19550701;19550731;    5;  5.42;  18.78;   24.18;   13.91;    1.43;  34.0;-999;   8.8; 213.50;    5;    79.8;   22.8;eor
       4177;19550801;19550831;    5;  3.71;  17.60;   24.04;   12.02;    1.35;  28.7;-999;   6.2; 233.40;    5;   101.9;   34.6;eor
       4177;19550901;19550930;    5;  4.23;  14.36;   19.96;    9.36;    1.28;  26.6;-999;   1.8; 171.30;    5;    48.0;   18.8;eor
       4177;19551001;19551031;    5;  4.65;   8.43;   13.40;    4.21;    1.56;  18.0;-999;  -6.5; 135.20;    5;    28.5;    7.7;eor
       4177;19551101;19551130;    5;  5.38;   3.19;    6.95;   -0.88;    1.31;  15.9;-999;  -7.7;  49.10;    5;     7.1;    3.8;eor
       4177;19551201;19551231;    5;  6.04;   3.74;    6.33;    0.32;    2.10;  12.1;-999;  -6.6;  41.00;    5;   112.8;   19.0;eor
       4177;19560101;19560131;    5;  5.81;   2.35;    5.42;   -0.96;    2.15;  13.0;-999; -12.2;  60.60;    5;    66.4;   11.5;eor
       4177;19560201;19560229;    5;  4.70;  -8.82;   -4.42;  -14.42;    2.04;   5.3;-999; -22.2;  71.20;    5;    15.8;    4.1;eor
       4177;19560301;19560331;    5;  4.19;   5.68;   10.34;    0.43;    2.01;  18.9;-999;  -6.6; 150.80;    5;    26.4;   17.1;eor
       4177;19560401;19560430;    5;  5.32;   7.53;   12.86;    2.26;    1.64;  20.3;-999;  -4.5; 162.60;    5;    94.4;   39.6;eor
       4177;19560501;19560531;    5;  3.84;  13.91;   20.24;    6.90;    1.52;  30.8;-999;  -0.1; 251.50;    5;    49.2;   14.0;eor
       4177;19560601;19560630;    5;  6.39;  14.66;   19.03;    9.82;    1.75;  26.1;-999;   3.3; 142.50;    5;    47.1;   14.9;eor
       4177;19560701;19560731;    5;  5.32;  18.15;   23.35;   12.31;    1.65;  30.7;-999;   8.3; 200.80;    5;   114.3;   22.6;eor
       4177;19560801;19560831;    5;  5.16;  15.58;   20.94;    9.81;    1.56;  29.8;-999;   3.4; 188.80;    5;   102.0;   11.0;eor
       4177;19560901;19560930;    5;  4.55;  15.53;   21.23;    9.84;    1.42;  25.5;-999;   4.5; 170.50;    5;    39.5;   12.8;eor
       4177;19561001;19561031;    5;  6.05;   8.87;   13.19;    5.24;    1.51;  26.2;-999;  -1.2;  80.10;    5;   103.8;   22.6;eor
       4177;19561101;19561130;    5;  6.61;   3.31;    5.80;    0.27;    2.00;  13.2;-999;  -9.2;  27.40;    5;    39.6;   13.0;eor
       4177;19561201;19561231;    5;  6.42;   2.49;    4.83;   -0.24;    1.54;  13.2;-999; -10.1;  21.80;    5;    23.6;    5.1;eor
       4177;19570101;19570131;    5;  5.38;  -0.21;    3.35;   -3.94;    1.66;  11.8;-999; -14.5;  75.50;    5;    35.5;    7.5;eor
       4177;19570201;19570228;    5;  5.80;   6.01;   10.07;    1.88;    1.96;  19.4;-999;  -4.3;  67.10;    5;    95.0;   20.8;eor
       4177;19570301;19570331;    5;  4.23;   8.70;   14.36;    3.32;    1.73;  20.4;-999;  -5.0; 167.30;    5;    44.7;   15.7;eor
       4177;19570401;19570430;    5;  4.15;   9.06;   14.97;    2.82;    1.95;  23.2;-999;  -3.2; 194.60;    5;    27.9;   13.0;eor
       4177;19570501;19570531;    5;  4.49;  11.23;   16.97;    4.75;    1.92;  25.7;-999;  -2.0; 223.00;    5;    62.4;   20.2;eor
       4177;19570601;19570630;    5;  4.28;  17.67;   24.28;   10.80;    1.77;  32.9;-999;   4.6; 226.50;    5;   145.1;   42.5;eor
       4177;19570701;19570731;    5;  4.96;  19.19;   25.04;   13.42;    1.41;  36.3;-999;   8.5; 207.10;    5;   130.7;   36.3;eor
       4177;19570801;19570831;    5;  4.69;  16.37;   21.87;   10.68;    1.72;  28.4;-999;   4.8; 194.10;    5;   117.0;   24.1;eor
       4177;19570901;19570930;    5;  5.47;  13.69;   18.71;    9.36;    1.90;  27.5;-999;   1.6; 134.30;    5;   109.9;   21.0;eor
       4177;19571001;19571031;    5;  4.67;   9.37;   14.81;    4.22;    1.29;  22.0;-999;  -1.2; 123.60;    5;    15.1;    9.7;eor
       4177;19571101;19571130;    5;  6.30;   5.14;    8.35;    1.60;    1.86;  17.8;-999;  -3.5;  33.80;    5;    20.5;    6.5;eor
       4177;19571201;19571231;    5;  6.87;   1.25;    4.10;   -1.98;    1.89;  11.5;-999;  -6.0;  27.10;    5;    44.9;   20.8;eor
       4177;19580101;19580131;    5;  6.72;   1.41;    4.40;   -1.74;    2.15;  12.0;-999; -10.9;  29.60;    5;    88.1;   19.8;eor
       4177;19580201;19580228;    5;  6.25;   4.23;    8.11;   -0.05;    1.92;  19.3;-999;  -5.9;  58.70;    5;   174.3;   39.1;eor
       4177;19580301;19580331;    5;  4.74;   1.91;    6.19;   -3.35;    1.85;  18.6;-999; -10.5; 135.60;    5;    33.3;   13.3;eor
       4177;19580401;19580430;    5;  4.86;   7.20;   12.54;    0.96;    2.32;  20.5;-999;  -4.7; 166.00;    5;    34.8;   10.4;eor
       4177;19580501;19580531;    5;  5.42;  14.83;   20.41;    8.76;    1.55;  27.1;-999;   1.0; 193.30;    5;    98.4;   20.2;eor
       4177;19580601;19580630;    5;  5.52;  16.03;   21.59;    9.91;    1.61;  29.1;-999;   4.4; 188.50;    5;    88.5;   16.4;eor
       4177;19580701;19580731;    5;  4.78;  18.53;   24.80;   12.41;    1.48;  30.8;-999;   7.4; 239.50;    5;    82.1;   22.8;eor
       4177;19580801;19580831;    5;  5.03;  18.33;   24.15;   13.07;    1.83;  31.0;-999;   7.4; 215.30;    5;   117.0;   37.1;eor
       4177;19580901;19580930;    5;  4.91;  15.80;   21.63;   10.22;    1.41;  28.7;-999;   5.7; 179.20;    5;    46.8;   12.7;eor
       4177;19581001;19581031;    5;  6.12;   9.25;   13.74;    3.89;    1.50;  20.9;-999;  -1.3; 105.40;    5;    57.8;    9.9;eor
       4177;19581101;19581130;    5;  7.83;   5.69;    7.39;    2.99;    1.76;  13.2;-999;  -2.4;  12.00;    5;    30.7;   10.4;eor
       4177;19581201;19581231;    5;  6.45;   3.75;    6.48;   -0.04;    1.97;  13.2;-999;  -9.7;  43.80;    5;    92.9;   19.1;eor
       4177;19590101;19590131;    5;  6.65;   1.05;    4.01;   -2.24;    2.41;  14.1;-999; -15.0;  40.90;    5;    78.5;   16.5;eor
       4177;19590201;19590228;    5;  5.60;   0.09;    4.43;   -3.83;    1.55;  10.5;-999;  -7.7;  63.10;    5;     0.2;    0.2;eor
       4177;19590301;19590331;    5;  5.21;   7.79;   13.35;    2.48;    1.40;  20.9;-999;  -3.6; 115.00;    5;    35.9;    5.6;eor
       4177;19590401;19590430;    5;  4.79;  10.58;   16.80;    4.21;    1.83;  25.4;-999;  -4.0; 169.10;    5;    84.8;   28.9;eor
       4177;19590501;19590531;    5;  4.39;  14.55;   20.33;    7.51;    1.81;  26.3;-999;   1.9; 233.30;    5;    26.1;    8.0;eor
       4177;19590601;19590630;    5;  5.05;  17.69;   23.65;   11.49;    1.56;  29.6;-999;   3.5; 214.70;    5;    73.9;   20.7;eor
       4177;19590701;19590731;    5;  3.59;  21.19;   28.17;   13.53;    1.31;  34.8;-999;   9.9; 296.00;    5;    28.1;    7.3;eor
       4177;19590801;19590831;    5;  4.06;  18.33;   24.47;   11.93;    1.18;  30.7;-999;   3.4; 232.80;    5;    68.1;   30.5;eor
       4177;19590901;19590930;    5;  1.58;  15.94;   24.09;    7.86;    1.13;  29.8;-999;   2.6; 278.30;    5;     3.3;    3.3;eor
       4177;19591001;19591031;    5;  3.28;   9.19;   16.61;    2.61;    1.04;  22.2;-999;  -5.4; 162.70;    5;    54.8;   19.0;eor
       4177;19591101;19591130;    5;  6.78;   3.49;    6.57;   -0.09;    1.08;  11.6;-999;  -5.3;  32.10;    5;    23.0;    8.3;eor
       4177;19591201;19591231;    5;  6.45;   4.13;    6.91;    0.50;    2.00;  13.7;-999;  -8.0;  28.80;    5;    58.4;   12.9;eor
       4177;19600101;19600131;    5;  6.95;   1.32;    3.98;   -2.43;    1.75;  12.8;-999; -19.5;  34.50;    5;    55.1;    7.0;eor
       4177;19600201;19600229;    5;  5.94;   2.95;    6.94;   -0.95;    1.85;  19.5;-999;  -9.8;  65.10;    5;    57.8;   12.1;eor
       4177;19600301;19600331;    5;  5.32;   7.58;   11.63;    2.42;    1.50;  20.4;-999;  -1.6;  93.10;    5;    20.6;    5.8;eor
       4177;19600401;19600430;    5;  4.70;   9.79;   15.21;    3.36;    1.49;  22.8;-999;  -2.0; 167.00;    5;    29.4;    7.9;eor
       4177;19600501;19600531;    5;  4.63;  14.23;   20.19;    7.56;    1.11;  26.5;-999;  -2.1; 228.10;    5;   104.1;   45.1;eor
       4177;19600601;19600630;    5;  5.40;  17.99;   23.77;   11.58;    1.20;  31.4;-999;   6.5; 201.50;    5;    58.2;   16.0;eor
       4177;19600701;19600731;    5;  5.79;  16.83;   22.61;   10.90;    1.29;  31.4;-999;   4.2; 184.50;    5;    99.0;   16.9;eor
       4177;19600801;19600831;    5;  5.76;  17.62;   22.71;   12.44;    1.08;  30.3;-999;   8.3; 175.70;    5;   132.8;   29.8;eor
       4177;19600901;19600930;    5;  5.15;  13.59;   19.42;    8.35;    1.27;  24.8;-999;   1.2; 113.20;    5;    14.8;    4.6;eor
       4177;19601001;19601031;    5;  6.22;  10.06;   14.30;    6.35;    1.36;  23.3;-999;  -1.0;  73.00;    5;    99.9;   17.0;eor
       4177;19601101;19601130;    5;  6.62;   7.64;   10.86;    4.20;    1.45;  16.5;-999;  -2.2;  47.10;    5;   112.7;   22.5;eor
       4177;19601201;19601231;    5;  7.06;   2.13;    4.37;   -0.27;    1.33;  13.7;-999;  -5.0;  30.50;    5;    82.7;   17.9;eor
       4177;19610101;19610131;    5;  6.79;   1.55;    3.98;   -1.38;    1.68;  13.4;-999;  -8.9;  35.10;    5;    93.4;   12.9;eor
       4177;19610201;19610228;    5;  6.41;   5.91;   10.51;    2.09;    1.83;  18.7;-999;  -3.2;  64.20;    5;    47.3;   10.0;eor
       4177;19610301;19610331;    5;  3.95;   7.79;   14.34;    2.18;    1.31;  23.0;-999;  -3.4; 174.40;    5;    18.9;   10.1;eor
       4177;19610401;19610430;    5;  6.29;  12.44;   17.00;    7.99;    1.20;  27.2;-999;   1.5;  99.80;    5;   123.1;   29.2;eor
       4177;19610501;19610531;    5;  6.06;  12.21;   17.45;    7.27;    1.49;  24.8;-999;   1.9; 159.20;    5;   104.2;   18.5;eor
       4177;19610601;19610630;    5;  5.05;  16.90;   22.67;   11.12;    1.34;  30.6;-999;   6.1; 207.00;    5;   120.9;   19.6;eor
       4177;19610701;19610731;    5;  5.36;  17.26;   23.15;   11.20;    2.18;  33.3;-999;   3.9; 232.30;    5;   102.2;   21.0;eor
       4177;19610801;19610831;    5;  4.87;  17.77;   22.87;   12.72;    1.29;  30.2;-999;   9.0; 229.80;    5;    63.9;   20.1;eor
       4177;19610901;19610930;    5;  3.99;  18.10;   24.64;   12.54;    0.82;  30.7;-999;   4.9; 192.20;    5;    20.5;    6.9;eor
       4177;19611001;19611031;    5;  5.15;  11.63;   16.70;    7.11;    1.18;  25.5;-999;  -1.6;  96.70;    5;    54.4;   15.0;eor
       4177;19611101;19611130;    5;  6.28;   4.63;    7.44;    1.43;    1.46;  13.1;-999;  -5.1;  42.30;    5;    46.5;   11.3;eor
       4177;19611201;19611231;    5;  5.84;   1.97;    4.83;   -1.38;    2.00;  16.5;-999; -13.0;  52.90;    5;    77.9;   13.0;eor
       4177;19620101;19620131;    5;  6.41;   3.63;    6.24;    0.39;    1.67;  12.5;-999; -11.0;  47.70;    5;    81.6;   31.3;eor
       4177;19620201;19620228;    5;  6.93;   2.15;    4.83;   -1.06;    2.47;  11.5;-999; -11.1;  54.80;    5;    73.0;   20.1;eor
       4177;19620301;19620331;    5;  5.61;   2.49;    6.33;   -1.49;    1.55;  15.6;-999;  -7.0; 122.10;    5;    78.6;   19.3;eor
       4177;19620401;19620430;    5;  5.00;  10.44;   15.35;    5.09;    1.67;  26.7;-999;  -0.5; 184.20;    5;    52.9;   17.5;eor
       4177;19620501;19620531;    5;  6.13;  11.97;   16.44;    6.67;    1.38;  26.1;-999;  -1.6; 179.00;    5;    77.6;   17.2;eor
       4177;19620601;19620630;    5;  3.50;  16.94;   22.70;    9.30;    1.16;  30.2;-999;   1.5; 302.40;    5;    21.0;   17.1;eor
       4177;19620701;19620731;    5;  5.59;  17.71;   22.90;   11.30;    1.25;  31.8;-999;   5.2; 206.70;    5;    74.9;   16.7;eor
       4177;19620801;19620831;    5;  3.75;  18.89;   25.36;   11.97;    0.99;  33.7;-999;   6.0; 302.10;    5;    43.3;   16.6;eor
       4177;19620901;19620930;    5;  5.06;  14.58;   20.55;    9.18;    1.00;  32.4;-999;   1.6; 169.40;    5;    67.4;   22.5;eor
       4177;19621001;19621031;    5;  4.58;   9.89;   15.87;    5.05;    0.89;  25.0;-999;  -1.5; 129.40;    5;    16.1;    9.1;eor
       4177;19621101;19621130;    5;  7.00;   2.86;    6.11;   -0.33;    0.87;  14.7;-999;  -8.4;  44.30;    5;    30.5;    7.9;eor
       4177;19621201;19621231;    5;  6.73;  -1.70;    1.48;   -4.95;    1.61;  11.1;-999; -16.9;  34.50;    5;    39.2;    7.3;eor
       4177;19630101;19630131;    5;  5.64;  -5.06;   -2.02;   -8.03;    1.55;   5.0;-999; -16.9;  51.10;    5;    28.0;    5.7;eor
       4177;19630201;19630228;    5;  6.27;  -5.19;   -0.99;   -9.56;    0.99;   6.5;-999; -19.5;  60.60;    5;    35.4;   10.2;eor
       4177;19630301;19630331;    5;  5.12;   4.77;   10.02;    0.09;    1.26;  15.2;-999; -11.7; 103.80;    5;    75.8;   15.8;eor
       4177;19630401;19630430;    5;  6.01;  10.91;   16.43;    5.85;    1.05;  21.8;-999;  -2.9; 113.50;    5;    37.6;   10.5;eor
       4177;19630501;19630531;    5;  5.52;  13.15;   18.84;    7.59;    1.20;  27.5;-999;   0.5; 170.90;    5;    26.7;    8.2;eor
       4177;19630601;19630630;    5;  5.65;  17.32;   23.12;   11.56;    1.26;  29.1;-999;   7.5; 177.50;    5;    94.1;   32.0;eor
       4177;19630701;19630731;    5;  4.31;  20.03;   27.38;   13.18;    1.48;  33.5;-999;   8.5; 330.20;    5;    25.4;   10.2;eor
       4177;19630801;19630831;    5;  5.21;  17.57;   22.84;   12.04;    1.83;  33.7;-999;   5.0; 176.00;    5;   149.6;   31.2;eor
       4177;19630901;19630930;    5;  4.76;  15.63;   21.81;   10.63;    1.73;  26.6;-999;   5.0; 123.90;    5;    40.2;   11.6;eor
       4177;19631001;19631031;    5;  4.90;   8.92;   14.68;    4.25;    1.62;  20.2;-999;  -3.0;  96.50;    5;    48.7;   29.8;eor
       4177;19631101;19631130;    5;  6.11;   8.40;   12.33;    4.66;    1.75;  19.8;-999;  -2.8;  51.10;    5;   120.1;   19.1;eor
       4177;19631201;19631231;    5;  5.82;  -2.55;    0.19;   -5.44;    1.25;   8.4;-999; -13.2;  49.40;    5;     2.2;    1.0;eor
       4177;19640101;19640131;    5;  6.89;  -2.03;    0.10;   -4.60;    0.93;   3.8;-999; -13.9;  28.90;    5;    11.7;    5.3;eor
       4177;19640201;19640229;    5;  5.72;   2.44;    6.23;   -0.27;    1.21;  15.0;-999;  -6.2;  79.30;    5;    52.5;   15.2;eor
       4177;19640301;19640331;    5;  6.92;   2.79;    6.55;    0.08;    1.73;  16.7;-999;  -8.4;  55.70;    5;    83.7;   21.9;eor
       4177;19640401;19640430;    5;  5.73;  10.05;   16.06;    4.93;    1.31;  24.7;-999;  -1.5; 149.90;    5;    51.1;   13.5;eor
       4177;19640501;19640531;    5;  4.71;  15.43;   21.94;    8.75;    1.12;  29.8;-999;   2.9; 252.40;    5;    47.1;   11.8;eor
       4177;19640601;19640630;    5;  4.01;  18.74;   25.43;   11.05;    1.18;  33.3;-999;   4.5; 289.30;    5;    53.4;   15.8;eor
       4177;19640701;19640731;    5;  3.34;  21.39;   28.65;   12.81;    1.20;  36.8;-999;   5.4; 295.60;    5;    15.3;   12.0;eor
       4177;19640801;19640831;    5;  4.50;  18.08;   24.71;   12.06;    1.23;  34.3;-999;   6.0; 230.60;    5;    53.8;   14.0;eor
       4177;19640901;19640930;    5;  4.61;  15.16;   21.43;    9.91;    1.04;  30.0;-999;   3.0; 175.60;    5;    69.4;   21.2;eor
       4177;19641001;19641031;    5;  6.23;   8.16;   12.49;    4.96;    1.12;  22.8;-999;  -3.0;  90.40;    5;    57.1;   18.4;eor
       4177;19641101;19641130;    5;  7.09;   6.10;    8.97;    3.75;    1.35;  15.2;-999;  -2.0;  20.10;    5;    90.3;   37.0;eor
       4177;19641201;19641231;    5;  6.50;   1.23;    4.02;   -1.76;    1.14;  11.5;-999; -13.5;  26.30;    5;    28.8;    7.1;eor
       4177;19650101;19650131;    5;  7.02;   2.26;    4.63;    0.22;    1.33;  12.2;-999;  -3.5;  22.40;    5;   123.1;   14.0;eor
       4177;19650201;19650228;    5;  6.43;  -0.84;    1.85;   -3.72;    1.32;   5.1;-999; -12.5;  56.10;    5;    24.2;    7.0;eor
       4177;19650301;19650331;    5;  6.11;   4.66;    9.44;    0.81;    1.19;  17.6;-999; -16.4;  99.90;    5;    78.0;   12.4;eor
       4177;19650401;19650430;    5;  6.11;   8.22;   13.01;    4.04;    1.44;  21.8;-999;  -0.5; 114.30;    5;   100.5;   11.6;eor
       4177;19650501;19650531;    5;  5.83;  12.94;   17.89;    7.87;    1.23;  28.1;-999;  -0.7; 149.30;    5;   116.0;   18.2;eor
       4177;19650601;19650630;    5;  6.20;  16.97;   22.39;   11.55;    1.33;  30.6;-999;   6.5; 156.90;    5;   143.7;   42.8;eor
       4177;19650701;19650731;    5;  6.43;  16.82;   22.24;   12.05;    1.33;  30.8;-999;   7.7; 164.00;    5;   118.8;   34.5;eor
       4177;19650801;19650831;    5;  5.56;  16.91;   22.72;   11.44;    1.09;  29.2;-999;   8.1; 197.20;    5;    56.5;   14.5;eor
       4177;19650901;19650930;    5;  5.73;  12.99;   18.94;    8.32;    0.86;  27.4;-999;   3.5; 126.20;    5;   114.8;   33.9;eor
       4177;19651001;19651031;    5;  5.03;   7.95;   14.69;    3.69;    1.00;  20.4;-999;  -4.0; 136.00;    5;     9.1;    4.6;eor
       4177;19651101;19651130;    5;  6.89;   3.52;    6.93;    0.55;    1.69;  17.7;-999;  -7.5;  31.30;    5;   156.1;   17.7;eor
       4177;19651201;19651231;    5;  7.36;   4.69;    7.52;    1.59;    1.71;  16.4;-999;  -3.5;  28.20;    5;   189.7;   26.4;eor
       4177;19660101;19660131;    5;  6.31;  -1.37;    1.85;   -4.71;    1.38;  15.6;-999; -16.9;  60.70;    5;    49.2;   15.5;eor
       4177;19660201;19660228;    5;  6.87;   7.04;   10.80;    3.75;    1.32;  17.1;-999;  -3.2;  62.30;    5;    56.2;   15.0;eor
       4177;19660301;19660331;    5;  6.16;   4.63;    9.25;    1.08;    1.68;  14.5;-999;  -3.5;  83.00;    5;    50.4;   14.1;eor
       4177;19660401;19660430;    5;  5.66;  11.29;   16.20;    6.44;    1.13;  21.5;-999;  -1.4; 130.70;    5;    58.7;   10.2;eor
       4177;19660501;19660531;    5;  4.79;  14.40;   20.29;    8.35;    1.30;  27.0;-999;   2.5; 232.30;    5;    73.5;   16.8;eor
       4177;19660601;19660630;    5;  5.13;  17.94;   23.10;   11.81;    1.25;  30.5;-999;   6.5; 236.40;    5;   179.2;   39.2;eor
       4177;19660701;19660731;    5;  6.09;  16.84;   22.03;   11.80;    1.25;  29.0;-999;   7.2; 201.00;    5;    69.1;   13.8;eor
       4177;19660801;19660831;    5;  5.60;  16.90;   21.92;   11.92;    1.16;  33.5;-999;   5.4; 156.10;    5;   131.4;   16.7;eor
       4177;19660901;19660930;    5;  4.80;  14.98;   20.95;    9.63;    0.92;  29.1;-999;   4.5; 194.20;    5;    49.9;   19.4;eor
       4177;19661001;19661031;    5;  6.21;  12.54;   16.92;    9.26;    0.92;  27.6;-999;  -1.4; 107.20;    5;    56.0;   13.6;eor
       4177;19661101;19661130;    5;  6.95;   2.77;    5.82;    0.16;    1.53;  12.8;-999;  -6.3;  27.50;    5;    59.2;   14.5;eor
       4177;19661201;19661231;    5;  6.83;   3.65;    6.02;    0.96;    1.56;  11.8;-999;  -4.9;  32.70;    5;   144.0;   25.6;eor
       4177;19670101;19670131;    5;  6.62;   1.49;    4.34;   -0.87;    1.18;  15.3;-999; -12.5;  44.70;    5;    43.0;   16.1;eor
       4177;19670201;19670228;    5;  5.21;   4.02;    8.42;    0.30;    1.95;  14.2;-999; -10.0; 102.10;    5;    53.1;   17.2;eor
       4177;19670301;19670331;    5;  5.43;   6.95;   11.71;    3.37;    1.65;  17.0;-999;  -2.0; 137.80;    5;    80.0;   13.4;eor
       4177;19670401;19670430;    5;  4.88;   8.78;   13.97;    2.83;    1.47;  22.5;-999;  -2.7; 170.10;    5;    33.7;    8.0;eor
       4177;19670501;19670531;    5;  5.30;  14.01;   19.58;    7.98;    1.39;  29.5;-999;   0.2; 217.50;    5;   106.6;   20.0;eor
       4177;19670601;19670630;    5;  4.98;  16.42;   21.64;    9.71;    1.01;  32.8;-999;   5.0; 216.90;    5;    59.6;   12.9;eor
       4177;19670701;19670731;    5;  3.81;  20.55;   26.62;   13.25;    1.07;  32.1;-999;   6.9; 308.70;    5;    66.8;   33.0;eor
       4177;19670801;19670831;    5;  5.49;  18.48;   24.10;   12.19;    0.98;  31.7;-999;   6.4; 251.40;    5;   102.1;   33.5;eor
       4177;19670901;19670930;    5;  5.95;  14.87;   20.78;    9.78;    0.76;  28.2;-999;   4.5; 153.90;    5;   120.8;   23.0;eor
       4177;19671001;19671031;    5;  5.35;  12.30;   18.00;    7.74;    0.96;  23.0;-999;  -1.0; 128.30;    5;    71.7;   27.0;eor
       4177;19671101;19671130;    5;  6.00;   4.39;    7.74;    1.07;    1.22;  15.1;-999;  -5.2;  57.00;    5;    63.9;   13.8;eor
       4177;19671201;19671231;    5;  7.23;   0.97;    2.86;   -1.32;    1.59;  12.0;-999; -10.5;  36.50;    5;    77.5;   24.0;eor
       4177;19680101;19680131;    5;  6.69;   0.77;    3.37;   -2.46;    1.27;  10.0;-999; -17.0;  47.10;    5;    96.0;   20.6;eor
       4177;19680201;19680229;    5;  6.23;   2.89;    6.39;   -0.39;    0.95;  11.9;-999;  -5.3;  75.20;    5;    62.3;   10.2;eor
       4177;19680301;19680331;    5;  5.51;   6.06;   11.18;    1.38;    1.54;  24.6;-999;  -3.7; 113.70;    5;    49.8;   15.1;eor
       4177;19680401;19680430;    5;  4.44;  10.35;   16.56;    4.78;    1.14;  30.5;-999;  -2.8; 204.60;    5;   160.2;   47.2;eor
       4177;19680501;19680531;    5;  6.23;  12.77;   17.52;    8.09;    1.28;  25.8;-999;   0.6; 193.90;    5;    89.6;   19.4;eor
       4177;19680601;19680630;    5;  5.23;  16.72;   22.13;   11.41;    1.22;  29.9;-999;   5.5; 235.40;    5;   106.3;   28.0;eor
       4177;19680701;19680731;    5;  5.62;  17.86;   23.38;   12.10;    1.05;  31.6;-999;   8.9; 202.20;    5;   120.2;   19.6;eor
       4177;19680801;19680831;    5;  6.20;  17.02;   22.70;   12.77;    1.01;  28.7;-999;   6.4; 169.90;    5;   235.7;   40.1;eor
       4177;19680901;19680930;    5;  5.57;  14.21;   19.71;   10.14;    0.92;  25.9;-999;   4.5; 146.20;    5;    84.2;   15.4;eor
       4177;19681001;19681031;    5;  6.48;  10.95;   15.05;    7.70;    0.81;  23.2;-999;  -0.5;  87.80;    5;    48.4;   14.8;eor
       4177;19681101;19681130;    5;  7.08;   3.73;    6.13;    1.68;    1.11;  19.5;-999;  -6.4;  25.70;    5;    30.1;    9.7;eor
       4177;19681201;19681231;    5;  6.76;  -0.32;    1.74;   -2.54;    1.14;   9.6;-999; -12.5;  24.80;    5;    59.7;   19.1;eor
       4177;19690101;19690131;    5;  7.04;   1.79;    4.08;   -0.85;    0.97;  12.0;-999; -11.1;  35.80;    5;    46.6;   11.8;eor
       4177;19690201;19690228;    5;  6.16;  -0.41;    2.39;   -3.35;    1.26;  11.2;-999; -10.0;  56.00;    5;   111.9;   17.1;eor
       4177;19690301;19690331;    5;  6.36;   4.24;    8.29;    1.03;    1.38;  14.0;-999;  -6.4;  82.30;    5;    66.4;   13.9;eor
       4177;19690401;19690430;    5;  5.53;   8.78;   13.35;    4.14;    1.61;  24.8;-999;  -4.0; 136.80;    5;    95.7;   15.8;eor
       4177;19690501;19690531;    5;  5.11;  14.69;   20.62;    8.91;    1.22;  33.0;-999;   2.5; 240.10;    5;   122.5;   18.2;eor
       4177;19690601;19690630;    5;  5.35;  15.62;   20.29;   10.43;    1.33;  28.0;-999;   5.4; 198.50;    5;   126.3;   19.6;eor
       4177;19690701;19690731;    5;  4.46;  20.21;   26.20;   14.19;    1.11;  35.0;-999;   9.3; 271.10;    5;    56.1;   10.9;eor
       4177;19690801;19690831;    5;  5.31;  17.81;   23.53;   13.04;    1.37;  31.7;-999;   8.5; 204.60;    5;   142.4;   54.7;eor
       4177;19690901;19690930;    5;  4.99;  15.18;   20.86;   10.34;    1.31;  26.5;-999;   5.2; 171.40;    5;    32.9;   10.3;eor
       4177;19691001;19691031;    5;  6.43;   9.55;   13.35;    6.07;    0.92;  20.6;-999;   2.0;  73.50;    5;     1.9;    1.9;eor
       4177;19691101;19691130;    5;  6.42;   6.54;   10.21;    2.86;    1.68;  19.4;-999;  -7.5;  54.20;    5;   106.8;   25.9;eor
       4177;19691201;19691231;    5;  7.39;  -2.33;   -0.34;   -4.70;    1.23;   5.0;-999; -17.4;  34.70;    5;    31.1;    8.8;eor
       4177;19700101;19700131;    5;  7.47;   0.18;    2.11;   -2.04;    0.96;  10.2;-999;  -9.0;  30.60;    5;    63.9;   15.0;eor
       4177;19700201;19700228;    5;  7.10;   2.20;    5.02;   -0.44;    2.04;  10.4;-999; -10.2;  32.20;    5;   156.5;   29.0;eor
       4177;19700301;19700331;    5;  6.30;   3.19;    7.27;   -0.73;    1.30;  13.9;-999; -12.1;  71.80;    5;    56.7;   19.5;eor
       4177;19700401;19700430;    5;  6.96;   7.90;   11.92;    4.45;    1.48;  24.3;-999;  -1.1;  84.70;    5;   108.1;   15.6;eor
       4177;19700501;19700531;    5;  5.72;  13.11;   17.60;    8.07;    1.35;  22.6;-999;   0.6; 130.30;    5;   200.9;   85.0;eor
       4177;19700601;19700630;    5;  4.73;  18.83;   24.26;   13.39;    1.20;  29.8;-999;   6.5; 205.50;    5;    79.2;   32.8;eor
       4177;19700701;19700731;    5;  5.24;  17.93;   22.90;   12.65;    1.31;  29.4;-999;   6.7; 199.10;    5;    70.2;   10.2;eor
       4177;19700801;19700831;    5;  5.77;  18.66;   24.21;   13.37;    0.82;  31.3;-999;   8.0; 184.70;    5;    80.1;   22.4;eor
       4177;19700901;19700930;    5;  4.63;  15.08;   21.24;    9.75;    0.88;  27.2;-999;   2.9; 169.30;    5;    63.6;   15.6;eor
       4177;19701001;19701031;    5;  6.28;  10.09;   13.75;    7.04;    1.22;  24.0;-999;  -1.5;  73.00;    5;    54.9;   10.3;eor
       4177;19701101;19701130;    5;  7.03;   6.99;    9.89;    4.25;    1.15;  20.5;-999;  -3.0;  31.80;    5;    43.4;    9.9;eor
       4177;19701201;19701231;    5;  6.90;   0.38;    2.35;   -1.89;    1.02;  13.0;-999; -12.2;  26.30;    5;    47.1;   12.2;eor
       4177;19710101;19710131;    5;  7.31;  -1.89;    1.57;   -5.61;    1.03;  12.0;-999; -16.0;  20.10;    5;    35.5;    7.8;eor
       4177;19710201;19710228;    5;  6.96;   2.15;    4.89;   -0.71;    1.04;  10.5;-999;  -8.5;  41.40;    5;    15.5;    4.9;eor
       4177;19710301;19710331;    5;  6.61;   2.73;    6.68;   -1.41;    1.25;  14.9;-999; -11.8;  81.10;    5;    37.4;    9.9;eor
       4177;19710401;19710430;    5;  3.69;  11.47;   18.22;    4.08;    1.44;  28.1;-999;  -1.5; 206.30;    5;    23.0;   14.9;eor
       4177;19710501;19710531;    5;  5.72;  15.94;   21.22;   10.27;    0.96;  28.6;-999;   5.1; 175.30;    5;    72.2;   23.3;eor
       4177;19710601;19710630;    5;  5.63;  15.56;   20.57;   10.76;    1.14;  27.0;-999;   6.7; 141.30;    5;   125.0;   21.5;eor
       4177;19710701;19710731;    5;  3.13;  20.97;   28.06;   12.78;    1.18;  34.5;-999;   6.1; 258.20;    5;    15.0;    7.7;eor
       4177;19710801;19710831;    5;  4.87;  19.90;   26.33;   13.85;    1.09;  37.0;-999;   9.0; 199.30;    5;    62.0;   15.7;eor
       4177;19710901;19710930;    5;  4.40;  13.88;   20.73;    7.59;    0.82;  27.9;-999;   0.0; 196.70;    5;    26.1;   11.7;eor
       4177;19711001;19711031;    5;  4.98;  10.30;   16.91;    4.77;    1.07;  24.5;-999;  -2.0; 180.50;    5;    33.5;   30.6;eor
       4177;19711101;19711130;    5;  7.09;   4.26;    7.43;    1.13;    1.21;  15.0;-999;  -6.4;  39.00;    5;   127.4;   52.0;eor
       4177;19711201;19711231;    5;  7.24;   3.20;    5.56;    0.80;    1.01;  12.3;-999;  -5.0;  20.40;    5;    14.9;    4.4;eor
       4177;19720101;19720131;    5;  7.05;  -0.30;    1.97;   -2.28;    1.13;   9.9;-999; -10.3;  42.40;    5;    32.9;    6.6;eor
       4177;19720201;19720229;    5;  7.18;   3.48;    6.89;   -0.18;    0.82;  11.9;-999; -13.5;  42.50;    5;     9.1;    4.2;eor
       4177;19720301;19720331;    5;  5.47;   7.09;   13.15;    1.21;    1.13;  19.9;-999;  -2.9; 139.40;    5;    52.8;   13.2;eor
       4177;19720401;19720430;    5;  6.25;   9.11;   12.98;    5.22;    1.19;  24.1;-999;  -2.5;  95.00;    5;    87.9;   12.8;eor
       4177;19720501;19720531;    5;  6.83;  12.10;   16.66;    7.59;    1.02;  24.1;-999;   1.0; 107.40;    5;   119.1;   18.3;eor
       4177;19720601;19720630;    5;  5.64;  15.21;   20.25;    9.87;    1.03;  29.9;-999;   4.2; 154.50;    5;   120.1;   31.4;eor
       4177;19720701;19720731;    5;  5.91;  19.08;   24.39;   13.58;    1.04;  31.9;-999;   8.9; 156.00;    5;    81.7;   57.2;eor
       4177;19720801;19720831;    5;  5.75;  17.51;   22.90;   12.20;    0.89;  30.1;-999;   6.1; 181.40;    5;   108.2;   39.2;eor
       4177;19720901;19720930;    5;  5.85;  11.91;   17.90;    7.18;    0.98;  25.2;-999;   0.9; 140.10;    5;    28.9;   12.4;eor
       4177;19721001;19721031;    5;  5.50;   8.05;   13.81;    3.08;    1.10;  19.1;-999;  -5.7; 156.70;    5;    31.5;    8.2;eor
       4177;19721101;19721130;    5;  7.22;   4.39;    8.01;    1.62;    1.07;  17.9;-999;  -3.1;  33.20;    5;   131.6;   29.0;eor
       4177;19721201;19721231;    5;  6.41;  -0.51;    2.44;   -3.11;    0.97;  12.5;-999;  -9.2;  47.90;    5;    21.4;    9.7;eor
       4177;19730101;19730131;    5;  7.08;  -0.77;    1.32;   -2.86;    0.91;   6.5;-999;  -8.8;  37.60;    5;    26.7;    6.4;eor
       4177;19730201;19730228;    5;  7.01;   1.33;    3.86;   -1.07;    1.18;   8.1;-999;  -4.9;  48.10;    5;    72.8;   16.7;eor
       4177;19730301;19730331;    5;  5.24;   4.83;   10.01;   -0.06;    1.02;  20.5;-999;  -5.0; 147.20;    5;    17.3;    5.7;eor
       4177;19730401;19730430;    5;  6.34;   7.38;   11.73;    2.76;    1.19;  23.0;-999;  -2.1; 131.60;    5;    58.4;   20.6;eor
       4177;19730501;19730531;    5;  5.21;  14.78;   20.00;    9.30;    1.16;  28.4;-999;   1.5; 213.90;    5;   100.1;   30.9;eor
       4177;19730601;19730630;    5;  5.50;  17.94;   23.34;   11.97;    1.10;  31.9;-999;   7.0; 247.00;    5;    81.0;   23.5;eor
       4177;19730701;19730731;    5;  6.12;  18.40;   23.61;   13.39;    0.95;  31.9;-999;   9.2; 186.00;    5;    84.0;   18.6;eor
       4177;19730801;19730831;    5;  4.89;  19.37;   25.71;   13.40;    0.87;  32.1;-999;   7.8; 240.20;    5;    71.3;   24.8;eor
       4177;19730901;19730930;    5;  4.48;  15.94;   22.35;    9.80;    0.77;  31.2;-999;   2.9; 206.60;    5;    32.9;    8.7;eor
       4177;19731001;19731031;    5;  5.94;   8.68;   12.96;    5.27;    0.95;  21.0;-999;  -2.2; 111.00;    5;    75.9;   15.2;eor
       4177;19731101;19731130;    5;  6.31;   4.39;    7.69;    1.20;    1.15;  13.8;-999;  -7.0;  55.10;    5;    76.6;   22.7;eor
       4177;19731201;19731231;    5;  7.03;   0.45;    2.74;   -2.24;    1.05;   9.5;-999; -17.5;  28.80;    5;    59.4;    8.7;eor
       4177;19740101;19740131;    5;  7.27;   4.23;    6.98;    1.40;    0.96;  14.3;-999;  -4.1;  27.00;    5;    45.8;   11.5;eor
       4177;19740201;19740228;    5;  7.08;   4.25;    7.14;    1.30;    0.95;  15.0;-999;  -3.8;  50.90;    5;    74.3;   24.6;eor
       4177;19740301;19740331;    5;  7.07;   7.55;   11.47;    3.73;    1.03;  19.2;-999;  -3.1;  85.70;    5;    58.4;   14.5;eor
       4177;19740401;19740430;    5;  4.68;   9.36;   15.31;    2.95;    1.02;  22.1;-999;  -2.1; 208.60;    5;    18.4;    9.0;eor
       4177;19740501;19740531;    5;  5.63;  12.63;   17.82;    7.02;    1.03;  26.1;-999;   3.0; 201.90;    5;    63.0;   19.3;eor
       4177;19740601;19740630;    5;  5.75;  15.32;   20.89;    9.34;    1.02;  27.0;-999;   4.0; 215.60;    5;    69.7;   14.9;eor
       4177;19740701;19740731;    5;  5.63;  16.73;   21.97;   11.05;    1.08;  29.9;-999;   6.9; 219.30;    5;   122.7;   35.8;eor
       4177;19740801;19740831;    5;  5.74;  18.25;   23.75;   12.65;    1.01;  35.5;-999;   8.9; 222.20;    5;    68.1;   29.6;eor
       4177;19740901;19740930;    5;  6.28;  13.52;   18.48;    8.89;    0.91;  26.9;-999;   1.0; 137.60;    5;    51.2;   11.5;eor
       4177;19741001;19741031;    5;  7.66;   5.47;    7.76;    3.32;    1.08;  11.0;-999;  -1.4;  24.90;    5;   233.6;   40.9;eor
       4177;19741101;19741130;    5;  7.01;   5.87;    9.09;    2.68;    0.87;  19.0;-999;  -1.9;  35.70;    5;    81.4;   13.2;eor
       4177;19741201;19741231;    5;  6.92;   5.84;    7.97;    3.63;    1.58;  17.8;-999;  -4.1;  36.30;    5;   104.0;   13.1;eor
       4177;19750101;19750131;    5;  7.07;   4.77;    7.36;    1.69;    1.15;  12.3;-999;  -3.5;  38.50;    5;    66.2;   12.1;eor
       4177;19750201;19750228;    5;  5.60;   2.69;    6.69;   -0.50;    1.19;  12.2;-999;  -5.0; 127.50;    5;    28.8;   18.6;eor
       4177;19750301;19750331;    5;  7.02;   4.61;    8.07;    1.27;    1.15;  16.0;-999;  -9.0;  85.80;    5;    40.0;    7.0;eor
       4177;19750401;19750430;    5;  5.69;   9.49;   13.95;    4.68;    1.16;  25.9;-999;  -2.3; 134.40;    5;    45.3;    7.9;eor
       4177;19750501;19750531;    5;  5.42;  13.66;   19.05;    7.53;    1.25;  27.4;-999;   2.5; 190.20;    5;    55.9;   15.5;eor
       4177;19750601;19750630;    5;  5.92;  16.33;   21.36;   10.78;    1.11;  30.0;-999;   1.9; 204.50;    5;   143.9;   29.0;eor
       4177;19750701;19750731;    5;  5.41;  19.10;   25.24;   13.20;    0.76;  32.9;-999;   6.9; 272.20;    5;    73.2;   19.4;eor
       4177;19750801;19750831;    5;  5.01;  19.25;   25.42;   13.16;    0.83;  32.3;-999;   8.3; 229.60;    5;   106.6;   26.0;eor
       4177;19750901;19750930;    5;  5.43;  16.16;   22.05;   11.38;    0.98;  27.9;-999;   7.9; 166.30;    5;   111.3;   19.5;eor
       4177;19751001;19751031;    5;  6.80;   7.88;   11.53;    5.28;    0.89;  20.0;-999;   0.0;  70.80;    5;    25.3;    7.5;eor
       4177;19751101;19751130;    5;  6.48;   4.39;    7.47;    1.49;    1.00;  15.5;-999;  -7.8;  51.80;    5;    73.2;   20.2;eor
       4177;19751201;19751231;    5;  6.96;   0.84;    2.94;   -1.46;    1.10;  12.9;-999;  -8.2;  35.10;    5;    24.1;   14.9;eor
       4177;19760101;19760131;    5;  7.61;   2.32;    4.00;    0.41;    1.89;   9.0;-999; -14.0;  18.40;    5;    84.4;   13.3;eor
       4177;19760201;19760229;    5;  7.24;   1.40;    4.33;   -1.53;    1.17;  15.0;-999; -10.9;  47.40;    5;    29.2;    9.2;eor
       4177;19760301;19760331;    5;  5.30;   4.04;    8.64;   -0.30;    1.58;  18.0;-999;  -7.5; 181.00;    5;    24.4;   15.5;eor
       4177;19760401;19760430;    5;  4.94;   9.21;   14.73;    3.16;    1.17;  24.0;-999;  -2.2; 207.40;    5;    57.9;   21.9;eor
       4177;19760501;19760531;    5;  4.78;  15.41;   20.97;    8.47;    1.26;  29.0;-999;  -0.1; 254.50;    5;    46.4;   12.5;eor
       4177;19760601;19760630;    5;  3.87;  21.03;   27.00;   12.29;    1.12;  35.2;-999;   4.0; 307.10;    5;    16.2;   12.7;eor
       4177;19760701;19760731;    5;  5.13;  22.13;   27.96;   15.20;    1.05;  36.1;-999;   8.1; 227.80;    5;    96.1;   18.5;eor
       4177;19760801;19760831;    5;  5.39;  18.27;   24.52;   11.94;    1.08;  28.9;-999;   8.0; 265.70;    5;    31.7;   18.2;eor
       4177;19760901;19760930;    5;  6.56;  13.70;   18.99;    9.05;    0.92;  26.5;-999;   3.8; 127.70;    5;   158.1;   49.1;eor
       4177;19761001;19761031;    5;  6.68;  10.83;   15.25;    7.34;    0.60;  24.1;-999;   0.0; 108.60;    5;    38.3;   14.6;eor
       4177;19761101;19761130;    5;  7.36;   5.88;    8.04;    3.31;    1.18;  15.1;-999;  -1.2;  37.20;    5;    58.6;   10.3;eor
       4177;19761201;19761231;    5;  7.15;   0.24;    2.59;   -1.99;    0.91;  15.1;-999; -14.5;  24.40;    5;    67.8;   11.3;eor
       4177;19770101;19770131;    5;  7.46;   2.06;    4.19;    0.28;    0.89;  12.2;-999;  -4.2;  29.90;    5;    78.0;   13.6;eor
       4177;19770201;19770228;    5;  7.23;   5.86;    9.16;    2.82;    0.94;  14.1;-999;  -4.0;  55.00;    5;   112.7;   20.8;eor
       4177;19770301;19770331;    5;  5.65;   8.78;   13.82;    4.56;    0.95;  21.5;-999;  -4.9; 146.90;    5;    30.2;   11.8;eor
       4177;19770401;19770430;    5;  6.23;   8.05;   12.33;    3.73;    1.42;  22.9;-999;  -2.1; 111.30;    5;    38.7;   12.2;eor
       4177;19770501;19770531;    5;  5.73;  14.01;   19.04;    8.26;    1.35;  27.1;-999;   2.4; 218.70;    5;    33.6;   16.8;eor
       4177;19770601;19770630;    5;  6.23;  17.40;   22.40;   12.59;    1.18;  32.9;-999;   6.0; 155.90;    5;   146.6;   61.0;eor
       4177;19770701;19770731;    5;  4.92;  19.19;   24.50;   13.32;    0.97;  31.5;-999;   5.8; 237.90;    5;    43.3;   13.0;eor
       4177;19770801;19770831;    5;  6.34;  17.92;   23.37;   13.14;    0.65;  29.9;-999;   9.0; 181.80;    5;    60.3;   29.0;eor
       4177;19770901;19770930;    5;  5.77;  13.59;   19.08;    9.04;    0.72;  27.0;-999;   3.0; 163.70;    5;    38.0;   22.2;eor
       4177;19771001;19771031;    5;  7.08;  10.86;   14.90;    7.26;    0.58;  29.0;-999;   0.7;  70.00;    5;    32.0;    9.3;eor
       4177;19771101;19771130;    5;  7.05;   6.43;    9.44;    3.57;    1.85;  19.0;-999;  -6.4;  54.80;    5;   111.0;   26.5;eor
       4177;19771201;19771231;    5;  7.57;   2.22;    4.19;    0.20;    0.59;  14.1;-999;  -6.9;  16.40;    5;    59.1;   12.3;eor
       4177;19780101;19780131;    5;  7.19;   2.19;    4.32;   -0.22;    0.95;   9.0;-999;  -5.0;  36.10;    5;    46.9;   14.2;eor
       4177;19780201;19780228;    5;  7.54;   0.84;    2.95;   -1.63;    0.91;  14.4;-999; -11.9;  38.30;    5;    50.7;   10.6;eor
       4177;19780301;19780331;    5;  6.55;   7.04;   11.12;    3.36;    1.43;  20.0;-999;  -2.0;  97.90;    5;    79.9;   17.9;eor
       4177;19780401;19780430;    5;  5.21;   9.73;   15.02;    3.87;    1.25;  21.9;-999;  -2.1; 201.80;    5;    38.9;    8.8;eor
       4177;19780501;19780531;    5;  6.65;  12.93;   16.94;    8.33;    1.20;  25.9;-999;   2.1; 151.50;    5;   280.2;   97.8;eor
       4177;19780601;19780630;    5;  5.73;  16.18;   21.51;   10.84;    0.90;  30.9;-999;   4.1; 207.00;    5;   103.4;   34.7;eor
       4177;19780701;19780731;    5;  5.31;  17.96;   22.99;   12.37;    1.11;  32.1;-999;   7.2; 235.20;    5;   146.3;   30.3;eor
       4177;19780801;19780831;    5;  5.27;  17.11;   22.56;   11.99;    0.88;  30.1;-999;   5.0; 222.20;    5;    66.0;   12.5;eor
       4177;19780901;19780930;    5;  5.73;  14.12;   18.87;    9.88;    1.04;  25.1;-999;   4.2; 155.10;    5;    68.8;   17.0;eor
       4177;19781001;19781031;    5;  6.55;   9.36;   13.72;    5.50;    0.76;  22.9;-999;  -0.2;  87.90;    5;    45.5;   14.2;eor
       4177;19781101;19781130;    5;  7.04;   3.40;    5.89;    1.02;    0.57;  11.1;-999;  -5.6;  48.00;    5;    27.1;   17.0;eor
       4177;19781201;19781231;    5;  6.94;   2.49;    4.91;   -0.73;    1.24;  14.0;-999;  -9.9;  43.60;    5;   132.0;   27.8;eor
       4177;19790101;19790131;    5;  6.74;  -2.86;   -0.66;   -5.11;    0.85;   6.0;-999; -15.0;  36.70;    5;    29.0;   10.0;eor
       4177;19790201;19790228;    5;  7.24;   1.39;    3.93;   -1.02;    0.88;  11.0;-999;  -6.8;  39.00;    5;    96.3;   15.1;eor
       4177;19790301;19790331;    5;  6.82;   6.46;    9.80;    3.38;    1.36;  15.9;-999;  -3.0;  86.60;    5;   123.0;   14.7;eor
       4177;19790401;19790430;    5;  6.47;   8.20;   12.49;    3.85;    1.02;  20.5;-999;   0.0; 147.70;    5;    82.0;   27.9;eor
       4177;19790501;19790531;    5;  5.39;  13.52;   19.12;    7.38;    0.93;  31.2;-999;  -1.0; 223.10;    5;    60.0;   10.1;eor
       4177;19790601;19790630;    5;  5.84;  18.64;   23.62;   13.03;    0.78;  30.0;-999;   7.1; 212.50;    5;    32.5;   10.9;eor
       4177;19790701;19790731;    5;  6.01;  19.03;   23.95;   13.44;    0.89;  31.5;-999;   6.5; 210.80;    5;    61.5;   37.2;eor
       4177;19790801;19790831;    5;  5.78;  17.79;   22.86;   13.08;    0.72;  32.0;-999;   5.9; 186.60;    5;   105.0;   24.3;eor
       4177;19790901;19790930;    5;  4.85;  15.89;   21.53;   10.90;    0.56;  28.5;-999;   4.1; 194.60;    5;    28.9;   12.5;eor
       4177;19791001;19791031;    5;  6.30;  11.71;   16.50;    7.50;    0.47;  28.0;-999;   1.0; 126.50;    5;    33.7;   12.7;eor
       4177;19791101;19791130;    5;  7.32;   6.00;    8.61;    3.54;    0.58;  16.5;-999;  -3.0;  42.10;    5;   100.2;   27.4;eor
       4177;19791201;19791231;    5;  7.07;   6.26;    8.58;    3.97;    1.09;  15.2;-999;  -1.9;  46.10;    5;   100.6;   27.6;eor
       4177;19800101;19800131;    5;  7.23;   0.85;    2.65;   -1.16;    0.78;  11.0;-999; -10.0;  26.00;    5;    70.8;   14.9;eor
       4177;19800201;19800229;    5;  6.71;   5.39;    8.67;    2.27;    0.86;  12.9;-999;  -2.6;  77.30;    5;    56.0;   14.3;eor
       4177;19800301;19800331;    5;  6.92;   7.29;   10.70;    4.02;    0.88;  17.9;-999;  -1.0;  88.40;    5;    44.6;    9.4;eor
       4177;19800401;19800430;    5;  6.07;   9.54;   13.62;    5.01;    1.33;  24.1;-999;   1.9; 154.10;    5;    57.4;    9.7;eor
       4177;19800501;19800531;    5;  4.62;  14.13;   18.93;    8.90;    1.32;  24.9;-999;   1.2; 236.90;    5;    63.5;   17.7;eor
       4177;19800601;19800630;    5;  6.79;  15.62;   19.74;   11.75;    1.13;  29.5;-999;   8.2; 166.90;    5;   117.6;   19.6;eor
       4177;19800701;19800731;    5;  6.47;  16.07;   20.22;   12.05;    0.97;  31.2;-999;   6.3; 145.50;    5;   156.8;   27.2;eor
       4177;19800801;19800831;    5;  5.67;  18.49;   23.66;   13.46;    0.84;  33.0;-999;   5.0; 190.00;    5;    75.3;   33.2;eor
       4177;19800901;19800930;    5;  5.44;  15.70;   21.31;   10.94;    0.68;  27.9;-999;   5.2; 179.80;    5;    48.3;   24.0;eor
       4177;19801001;19801031;    5;  6.85;   8.78;   13.06;    5.72;    0.70;  18.2;-999;  -0.5;  96.80;    5;   112.0;   21.8;eor
       4177;19801101;19801130;    5;  6.63;   3.46;    6.66;    0.94;    1.09;  16.9;-999;  -6.5;  63.10;    5;    47.7;   14.6;eor
       4177;19801201;19801231;    5;  7.23;   0.98;    3.48;   -1.85;    0.93;  13.4;-999; -11.0;  43.30;    5;    69.4;   14.8;eor
       4177;19810101;19810131;   10;  7.21;  -0.78;    1.30;   -2.90;    1.18;   7.8;-999;  -9.0;  36.90;   10;    93.2;   18.4;eor
       4177;19810201;19810228;   10;  6.19;   0.45;    3.55;   -2.29;    0.94;   9.0;-999;  -7.5; 108.10;   10;    39.3;   20.9;eor
       4177;19810301;19810331;   10;  6.89;   8.69;   12.87;    4.84;    0.81;  20.5;-999;  -1.2;  98.90;   10;    66.2;   15.4;eor
       4177;19810401;19810430;   10;  5.63;   9.78;   14.78;    4.53;    0.99;  23.3;-999;  -3.9; 177.10;   10;    73.8;   44.1;eor
       4177;19810501;19810531;   10;  6.02;  14.15;   19.38;    8.15;    0.75;  29.2;-999;   1.1; 191.10;   10;    71.3;   12.1;eor
       4177;19810601;19810630;   10;  5.86;  16.58;   21.53;   11.60;    0.79;  29.6;-999;   6.9; 186.30;   10;   103.5;   44.4;eor
       4177;19810701;19810731;   10;  6.09;  17.92;   22.72;   13.20;    0.77;  31.9;-999;   9.5; 165.00;   10;    74.5;   13.4;eor
       4177;19810801;19810831;   10;  4.87;  18.42;   23.63;   13.05;    1.02;  32.0;-999;   7.0; 208.00;   10;    31.5;    9.3;eor
       4177;19810901;19810930;   10;  5.87;  15.40;   20.87;   10.43;    0.63;  26.0;-999;   2.9; 172.70;   10;    59.7;   21.7;eor
       4177;19811001;19811031;   10;  7.31;   8.75;   12.05;    5.59;    0.91;  19.3;-999;  -0.9;  70.20;   10;   207.8;   38.4;eor
       4177;19811101;19811130;   10;  6.76;   5.53;    8.53;    2.60;    0.83;  16.9;-999;  -6.9;  60.00;   10;    56.0;   16.5;eor
       4177;19811201;19811231;   10;  7.50;  -0.57;    2.01;   -3.06;    0.79;  11.1;-999; -10.0;  29.20;   10;   136.3;   19.8;eor
       4177;19820101;19820131;   10;  7.32;  -1.92;    0.22;   -4.28;    0.83;  12.1;-999; -16.3;  30.90;   10;    85.1;   15.2;eor
       4177;19820201;19820228;   10;  5.73;   0.27;    4.43;   -3.52;    0.80;  12.9;-999; -12.8;  97.00;   10;    17.1;    6.5;eor
       4177;19820301;19820331;   10;  6.15;   5.04;    9.76;    1.02;    1.22;  17.2;-999;  -4.0; 121.60;   10;    66.7;   12.2;eor
       4177;19820401;19820430;   10;  5.64;   7.83;   12.99;    1.75;    1.29;  21.0;-999;  -4.0; 195.60;   10;    33.7;   11.4;eor
       4177;19820501;19820531;   10;  5.04;  13.96;   19.21;    7.54;    0.98;  26.9;-999;  -1.0; 241.80;   10;    73.8;   26.2;eor
       4177;19820601;19820630;   10;  5.70;  17.82;   22.55;   13.11;    1.02;  30.5;-999;   6.9; 225.10;   10;    87.9;   14.0;eor
       4177;19820701;19820731;   10;  5.02;  21.82;   26.64;   15.77;    0.77;  32.1;-999;   9.1; 237.00;   10;    91.4;   38.8;eor
       4177;19820801;19820831;   10;  6.00;  19.19;   24.66;   14.24;    0.87;  31.9;-999;   8.0; 192.40;   10;    67.2;   11.4;eor
       4177;19820901;19820930;   10;  5.03;  17.67;   25.65;   11.77;    0.58;  32.8;-999;   7.1; 204.10;   10;    34.6;   12.7;eor
       4177;19821001;19821031;   10;  7.27;  10.30;   13.53;    8.03;    0.68;  18.9;-999;   3.0;  52.70;   10;   169.1;   50.8;eor
       4177;19821101;19821130;   10;  6.61;   6.76;   10.49;    3.50;    0.86;  17.0;-999;  -2.0;  61.80;   10;    60.2;   16.3;eor
       4177;19821201;19821231;   10;  7.48;   3.88;    6.08;    1.90;    0.98;  14.0;-999;  -5.0;  19.10;   10;   137.0;   26.3;eor
       4177;19830101;19830131;   10;  7.58;   4.78;    6.84;    2.61;    1.53;  14.9;-999;  -3.8;  24.80;   10;    60.0;   10.0;eor
       4177;19830201;19830228;   10;  6.47;   0.50;    3.35;   -2.16;    1.71;  13.1;-999;  -8.0;  86.30;   10;    75.1;   16.6;eor
       4177;19830301;19830331;   10;  6.85;   6.13;   10.05;    2.84;    1.18;  17.2;-999;  -2.1;  96.00;   10;    53.2;   10.0;eor
       4177;19830401;19830430;   10;  6.52;  10.63;   15.86;    5.94;    0.98;  25.9;-999;   0.5; 123.50;   10;   169.3;   32.8;eor
       4177;19830501;19830531;   10;  6.76;  12.81;   16.82;    9.12;    1.03;  26.4;-999;   5.0; 121.40;   10;   215.6;   48.3;eor
       4177;19830601;19830630;   10;  5.43;  18.91;   24.45;   13.07;    1.07;  31.0;-999;   7.0; 219.30;   10;    64.3;   21.2;eor
       4177;19830701;19830731;   10;  4.16;  24.80;   31.38;   16.59;    0.84;  39.2;-999;   8.9; 313.80;   10;    24.3;   16.6;eor
       4177;19830801;19830831;   10;  5.12;  21.54;   27.86;   15.52;    1.16;  32.0;-999;   9.0; 243.00;   10;    27.7;    7.2;eor
       4177;19830901;19830930;   10;  5.59;  16.06;   22.03;   11.10;    0.96;  28.1;-999;   4.0; 168.90;   10;    66.0;   14.7;eor
       4177;19831001;19831031;   10;  6.10;  10.64;   15.26;    7.09;    1.09;  28.0;-999;  -1.0; 117.90;   10;    56.7;   16.2;eor
       4177;19831101;19831130;   10;  6.47;   3.65;    7.11;    0.62;    1.02;  16.9;-999;  -8.9;  67.10;   10;    55.0;   19.0;eor
       4177;19831201;19831231;   10;  6.75;   1.54;    4.49;   -1.35;    0.97;  15.5;-999;  -8.3;  62.30;   10;    39.6;   10.5;eor
       4177;19840101;19840131;   10;  7.21;   2.98;    5.36;    0.38;    1.57;  12.2;-999;  -5.0;  33.10;   10;   113.7;   16.9;eor
       4177;19840201;19840229;   10;  6.56;   1.50;    4.05;   -1.08;    1.45;  10.5;-999; -10.1;  78.50;   10;   104.8;   21.1;eor
       4177;19840301;19840331;   10;  6.01;   4.11;    9.27;   -0.51;    0.97;  15.0;-999;  -6.1; 157.30;   10;    24.4;    6.2;eor
       4177;19840401;19840430;   10;  5.52;   9.02;   14.22;    3.09;    1.10;  25.2;-999;  -0.2; 199.10;   10;    52.7;   21.2;eor
       4177;19840501;19840531;   10;  6.84;  11.56;   16.14;    7.35;    1.16;  23.2;-999;  -0.1; 122.90;   10;   142.6;   26.6;eor
       4177;19840601;19840630;   10;  5.87;  16.11;   21.57;   10.53;    1.29;  29.0;-999;   6.9; 204.80;   10;    93.9;   28.8;eor
       4177;19840701;19840731;   10;  5.30;  19.33;   25.05;   13.05;    1.05;  37.2;-999;   5.9; 233.30;   10;    76.7;   26.0;eor
       4177;19840801;19840831;   10;  5.59;  19.27;   25.17;   13.64;    0.96;  33.0;-999;   8.9; 224.70;   10;    22.0;    9.9;eor
       4177;19840901;19840930;   10;  6.86;  14.47;   18.82;   11.36;    1.03;  28.6;-999;   7.1;-999;   10;   158.2;   32.4;eor
       4177;19841001;19841031;   10;  6.88;  11.38;   15.85;    7.80;    0.65;  22.5;-999;   2.2;  84.00;   10;    47.0;    9.4;eor
       4177;19841101;19841130;   10;  6.94;   6.18;    9.47;    3.29;    0.77;  17.2;-999;  -3.1;  46.90;   10;    85.4;   31.0;eor
       4177;19841201;19841231;   10;  7.20;   2.22;    4.46;   -0.20;    0.60;   9.0;-999;  -6.0;  21.40;   10;    49.0;   18.0;eor
       4177;19850101;19850131;   10;  7.28;  -4.50;   -1.74;   -7.37;    0.94;  11.0;-999; -21.9;  36.30;   10;    79.2;    7.8;eor
       4177;19850201;19850228;   10;  5.55;  -0.96;    3.56;   -5.05;    1.51;  14.0;-999; -16.0; 118.90;   10;    44.5;   15.6;eor
       4177;19850301;19850331;   10;  7.25;   4.87;    8.95;    1.00;    1.20;  17.3;-999;  -3.9;  97.80;   10;    58.0;   16.3;eor
       4177;19850401;19850430;   10;  6.16;  10.25;   15.21;    5.33;    1.58;  26.2;-999;  -2.0; 161.20;   10;    59.7;    9.8;eor
       4177;19850501;19850531;   10;  6.21;  15.01;   20.02;   10.12;    1.06;  31.1;-999;  -1.0; 172.70;   10;   114.7;   25.0;eor
       4177;19850601;19850630;   10;  6.24;  16.40;   21.14;   11.05;    1.30;  31.1;-999;   5.9; 199.70;   10;   136.8;   40.6;eor
       4177;20081101;20081130;   10;  -999;   6.16;    9.51;    2.63;    2.33;  17.5;  20.3;  -4.2;  64.20;    9;    20.2;    8.6;eor
       4177;20081201;20081231;   10;  6.13;   2.13;    4.12;   -0.14;    2.61;  10.1;  19.5;  -8.1;  47.40;    9;    39.5;    9.3;eor
       4177;20090101;20090131;   10;  5.09;  -2.05;    1.82;   -5.75;    1.97;  11.5;  25.7; -16.2;  94.70;    9;    32.0;   14.8;eor
       4177;20090201;20090228;   10;  6.59;   2.00;    4.98;   -1.00;    2.54;  13.5;  28.6;  -9.0;  57.80;    9;    56.5;    8.4;eor
       4177;20090301;20090331;   10;  6.02;   5.83;    9.82;    1.22;    2.68;  14.2;  19.6;  -3.3;  99.20;    9;    75.2;   21.1;eor
       4177;20090401;20090430;   10;  4.46;  12.84;   19.41;    6.13;    2.17;  25.6;  13.2;   1.6; 201.90;    9;    37.0;   11.9;eor
       4177;20090501;20090531;   10;  4.94;  16.13;   22.20;    9.63;    2.28;  33.3;-999;   1.5; 231.30;    9;    75.9;   18.4;eor
       4177;20090601;20090630;   10;  5.08;  17.62;   23.27;   11.49;    2.27;  30.7;  18.1;   6.2; 239.00;    9;    56.7;   18.8;eor
       4177;20090701;20090731;   10;  5.47;  19.68;   25.65;   14.15;    2.23;  31.7;  18.6;  10.9; 224.00;    9;   100.4;   21.0;eor
       4177;20090801;20090831;   10;  4.04;  20.48;   26.99;   14.13;    1.90;  35.9;  14.0;   6.8; 270.40;    9;    54.9;   13.0;eor
       4177;20090901;20090930;   10;  4.79;  16.11;   22.17;   10.72;    2.03;  30.5;  20.0;   5.5; 177.50;    9;    15.1;    8.2;eor
       4177;20091001;20091031;   10;  6.09;  10.33;   14.85;    5.77;    2.23;  27.0;  13.9;  -1.9;  86.20;    9;    57.1;   17.8;eor
       4177;20091101;20091130;   10;  6.50;   8.40;   12.05;    4.65;    2.53;  17.1;  22.8;  -2.0;  63.60;    9;    84.3;   13.8;eor
       4177;20091201;20091231;   10;  6.76;   2.75;    6.02;   -0.73;    2.48;  11.9;  20.9; -12.6;  52.20;    9;   106.9;   18.5;eor
       4177;20100101;20100131;   10;  7.20;  -0.87;    0.84;   -3.14;    2.42;   6.8;  15.9;  -9.8;  23.50;    9;    42.5;    9.0;eor
       4177;20100201;20100228;   10;  7.10;   2.30;    5.35;   -0.64;    2.68;  15.6;  31.6;  -9.4;  52.10;    9;    59.0;    9.8;eor
       4177;20100301;20100331;   10;  5.86;   5.69;   10.55;    0.85;    2.97;  21.5;  20.3;  -9.1; 147.30;    9;    26.9;    4.0;eor
       4177;20100401;20100430;   10;  4.64;  10.96;   17.30;    4.00;    2.47;  26.5;  17.0;  -2.5; 231.10;    9;    24.7;    6.1;eor
       4177;20100501;20100531;   10;  6.52;  12.42;   16.80;    8.33;    2.23;  27.3;  15.2;   4.8; 100.10;    9;   118.1;   28.7;eor
       4177;20100601;20100630;   10;  5.17;  18.46;   24.31;   12.23;    2.17;  31.1;  18.5;   5.8; 239.60;    9;    34.9;   13.6;eor
       4177;20100701;20100731;   10;  4.38;  21.47;   28.09;   14.79;    2.06;  37.5;  19.7;  10.2; 269.30;    9;    84.8;   28.3;eor
       4177;20100801;20100831;   10;  5.67;  18.31;   23.22;   13.64;    2.45;  31.0;  21.2;   8.8; 173.70;    9;   133.3;   17.5;eor
       4177;20100901;20100930;   10;  5.29;  13.94;   19.34;    8.93;    2.13;  24.9;  15.2;   3.1; 184.10;    9;    47.3;   20.0;eor
       4177;20101001;20101031;   10;  5.11;   8.98;   14.34;    4.15;    2.32;  24.8;  13.8;  -2.8; 129.40;    9;    33.1;    9.5;eor
       4177;20101101;20101130;   10;  7.01;   6.95;    9.56;    4.18;    2.73;  19.4;  22.9;  -6.2;  54.20;    9;   107.2;   25.7;eor
       4177;20101201;20101231;   10;  7.33;  -1.21;    1.01;   -4.31;    2.45;   7.4;  19.7; -18.7;  23.60;    9;   133.9;   33.6;eor
       4177;20110101;20110131;   10;  6.48;   2.68;    5.27;   -0.45;    2.71;  14.9;  17.2; -10.6;  50.90;    9;    59.6;   18.7;eor
       4177;20110201;20110228;   10;  6.72;   3.81;    6.74;    0.66;    2.43;  13.6;  19.0;  -6.1;  65.40;    9;    21.2;    5.0;eor
       4177;20110301;20110331;   10;  3.94;   7.47;   13.41;    1.63;    2.65;  21.3;  16.7;  -4.2; 200.50;    9;    16.5;    4.4;eor
       4177;20110401;20110430;   10;  4.04;  13.12;   20.42;    5.49;    2.30;  26.3;  19.6;   0.6; 280.00;    9;    21.5;   11.7;eor
       4177;20110501;20110531;   10;  4.74;  16.23;   23.85;    7.89;    2.42;  32.3;  16.6;  -0.9; 313.80;    9;    29.2;   17.1;eor
       4177;20110601;20110630;   10;  5.93;  18.69;   24.05;   13.34;    2.53;  34.9;  17.7;   8.3; 195.80;    9;    70.4;   10.6;eor
       4177;20110701;20110731;   10;  5.72;  17.72;   23.40;   12.49;    2.32;  32.7;  15.8;   7.8; 204.60;    9;    86.1;   16.4;eor
       4177;20110801;20110831;   10;  4.87;  19.83;   25.95;   14.29;    2.26;  34.4;  19.7;   8.8; 241.20;    9;    88.7;   28.3;eor
       4177;20110901;20110930;   10;  4.50;  16.86;   23.24;   11.02;    2.07;  30.4;  17.6;   5.5; 213.20;    9;    28.5;    9.3;eor
       4177;20111001;20111031;   10;  -999;  10.44;   16.08;    5.46;    2.23;  25.4;  14.7;  -2.2; 159.80;    9;    40.5;   15.2;eor
       4177;20111101;20111130;   10;  6.64;   5.51;    9.05;    1.98;    1.77;  15.9;  13.7;  -3.7;  68.10;    9;     2.1;    1.2;eor
       4177;20111201;20111231;   10;  7.03;   5.69;    8.43;    2.70;    3.52;  14.5;  25.5;  -4.6;  29.90;    9;   164.2;   21.8;eor
       4177;20120101;20120131;   10;  6.55;   3.87;    6.53;    1.01;    3.13;  13.5;  24.4;  -7.6;  62.70;    9;    82.3;   17.9;eor
       4177;20120201;20120229;   10;  5.03;  -1.32;    2.42;   -5.36;    2.79;  14.8;  14.1; -15.9; 114.70;    9;    10.0;    2.7;eor
       4177;20120301;20120331;   10;  4.24;   8.60;   15.09;    2.01;    2.32;  22.3;  15.8;  -3.6; 209.20;    9;     9.7;    4.5;eor
       4177;20120401;20120430;   10;  6.27;   9.81;   15.23;    3.61;    2.50;  30.4;  18.8;  -3.6; 143.60;    9;    48.1;    7.2;eor
       4177;20120501;20120531;   10;  5.24;  16.02;   21.99;    9.69;    2.32;  30.6;  15.7;   0.9; 259.40;    9;    63.0;   12.6;eor
       4177;20120601;20120630;   10;  6.03;  17.97;   23.36;   12.43;    2.37;  31.5;  21.1;   8.8; 196.80;    9;    93.5;   19.7;eor
       4177;20120701;20120731;   10;  5.70;  18.97;   24.20;   13.94;    2.39;  33.3;  17.9;   7.9; 208.80;    9;   109.9;   22.7;eor
       4177;20120801;20120831;   10;  5.05;  20.41;   27.14;   13.60;    2.00;  35.2;  15.7;   9.2; 253.40;    9;    33.0;    9.6;eor
       4177;20120901;20120930;   10;  4.91;  15.12;   22.15;    8.49;    2.00;  30.3;  19.6;   2.2; 211.10;    9;    41.6;   15.9;eor
       4177;20121001;20121031;   10;  6.11;  10.03;   15.05;    4.94;    2.19;  23.4;  19.0;  -4.1; 115.50;    9;    66.5;   14.1;eor
       4177;20121101;20121130;   10;  6.90;   6.36;    9.80;    2.85;    2.07;  18.7;  17.5;  -2.6;  44.50;    9;   103.8;   21.9;eor
       4177;20121201;20121231;   10;  6.98;   4.06;    6.59;    1.01;    2.87;  15.5;  20.0;  -8.5;  38.40;    9;    96.0;   12.5;eor
       4177;20130101;20130131;   10;  7.38;   2.21;    4.09;   -0.04;    2.74;  15.1;  20.1;  -7.5;  32.70;    9;    41.6;    6.5;eor
       4177;20130201;20130228;   10;  7.04;   0.80;    3.31;   -2.03;    2.57;   9.5;  20.0;  -7.7;  25.50;    9;    54.0;   17.3;eor
       4177;20130301;20130331;   10;  6.03;   3.38;    7.56;   -0.77;    2.65;  16.7;  16.7;  -7.6; 113.30;    9;    30.6;    8.2;eor
       4177;20130401;20130430;   10;  6.43;  10.23;   15.00;    5.82;    2.60;  25.5;  16.9;  -2.3; 127.40;    9;    80.0;   33.9;eor
       4177;20130501;20130531;   10;  6.63;  12.39;   16.65;    8.08;    2.52;  23.2;  16.6;   1.1; 124.60;    9;   199.6;   44.8;eor
       4177;20130601;20130630;   10;  5.58;  17.57;   22.80;   12.16;    2.17;  34.4;  31.3;   8.0; 244.80;    9;    73.7;   26.0;eor
       4177;20130701;20130731;   10;  4.04;  22.05;   28.56;   15.05;    2.32;  38.1;  14.0;   8.7; 327.90;    9;    35.9;   15.2;eor
       4177;20130801;20130831;   10;  4.66;  19.47;   25.85;   13.28;    1.94;  36.8;  30.8;   8.1; 242.20;    9;    91.8;   21.9;eor
       4177;20130901;20130930;   10;  5.50;  15.59;   20.40;   11.53;    2.50;  31.2;  16.8;   6.9; 147.40;    9;    93.8;   28.6;eor
       4177;20131001;20131031;   10;  6.21;  12.20;   16.79;    8.34;    2.16;  23.3;  20.2;  -0.5; 115.70;    9;   127.4;   21.0;eor
       4177;20131101;20131130;   10;  6.39;   5.95;    8.50;    3.01;    2.60;  17.1;  19.5;  -4.7;  41.60;    9;    86.6;   22.3;eor
       4177;20131201;20131231;   10;  6.59;   3.62;    7.08;   -0.14;-999;  16.7;-999;  -4.0;  58.90;    9;    57.4;   19.5;eor
       4177;20140101;20140131;   10;  6.30;   4.73;    8.23;    1.20;    2.26;  15.4;  19.4;  -2.8;  73.70;    9;    50.4;    6.9;eor
       4177;20140201;20140228;   10;  6.05;   5.55;   10.29;    0.59;    2.46;  15.8;  23.5;  -3.3;  85.30;    9;    55.1;   14.0;eor
       4177;20140301;20140331;   10;  4.05;   8.71;   15.24;    2.36;    2.45;  21.7;  15.7;  -1.7; 220.50;    9;    13.4;    6.8;eor
       4177;20140401;20140430;   10;  5.52;  12.70;   18.77;    6.34;    2.10;  25.2;  15.8;  -1.1; 197.90;    9;    29.6;    8.5;eor
       4177;20140501;20140531;   10;  5.63;  14.32;   20.03;    8.20;    2.52;  29.8;  20.5;   1.8; 219.60;    9;    61.1;   12.5;eor
       4177;20140601;20140630;   10;  4.42;  19.34;   26.09;   11.31;    2.33;  36.7;  14.5;   6.7; 293.60;    9;    20.3;    7.6;eor
       4177;20140701;20140731;   10;  5.51;  20.41;   26.04;   15.20;    2.26;  35.2;  17.4;   9.2; 213.80;    9;   184.9;   39.6;eor
       4177;20140801;20140831;   10;  5.84;  17.84;   22.93;   13.15;    2.29;  28.5;  16.9;   7.3; 196.60;    9;   101.8;   17.2;eor
       4177;20140901;20140930;   10;  5.60;  16.55;   21.80;   12.08;    1.97;  27.4;  14.6;   5.2; 157.50;    9;    51.1;   31.5;eor
       4177;20141001;20141031;   10;  5.93;  13.46;   18.36;    9.07;    1.81;  23.7;  22.7;   1.5; 116.10;    9;    51.4;   14.6;eor
       4177;20141101;20141130;   10;  6.96;   7.83;   10.57;    5.07;    1.97;  18.8;  14.9;   0.4;  43.80;    9;    59.1;   26.6;eor
       4177;20141201;20141231;   10;  6.82;   4.67;    6.63;    1.83;    3.10;  13.0;  19.5; -12.6;  17.00;    9;    65.2;   14.3;eor
       4177;20150101;20150131;   10;  6.77;   3.55;    6.18;    0.70;    2.97;  15.3;  21.7;  -6.4;  29.40;    9;    94.4;   17.5;eor
       4177;20150201;20150228;   10;  5.85;   1.53;    5.12;   -2.16;    2.32;  13.5;  17.4;  -5.7;  75.00;    9;    15.6;    5.3;eor
       4177;20150301;20150331;   10;  5.02;   6.81;   12.65;    0.86;    2.68;  18.4;  25.5;  -3.7; 174.70;    9;    31.1;   12.0;eor
       4177;20150401;20150430;   10;  5.10;  10.52;   17.21;    3.22;    2.40;  25.5;  19.5;  -3.1; 240.60;    9;    52.8;   11.3;eor
       4177;20150501;20150531;   10;  6.35;  14.82;   20.44;    8.68;    2.13;  29.1;  13.6;   1.8; 195.40;    9;    45.1;   11.6;eor
       4177;20150601;20150630;   10;  5.70;  18.47;   24.30;   12.15;    2.30;  34.1;  13.4;   8.2; 215.80;    9;    56.7;   12.4;eor
       4177;20150701;20150731;   10;  4.27;  22.97;   29.79;   15.45;    2.39;  38.4;  20.0;   7.0; 283.80;    9;    34.7;   18.3;eor
       4177;20150801;20150831;   10;  4.55;  21.62;   28.78;   15.10;    2.16;  38.7;  20.6;   8.6; 245.20;    9;    31.1;   12.0;eor
       4177;20150901;20150930;   10;  4.93;  14.81;   20.50;    9.60;    2.37;  27.7;  21.6;   4.7; 153.20;    9;    44.7;   11.2;eor
       4177;20151001;20151031;   10;  5.96;  10.27;   14.30;    6.32;    2.03;  22.2;  12.6;   0.2;  94.40;    9;    19.7;    7.2;eor
       4177;20151101;20151130;   10;  6.56;   8.77;   12.10;    5.15;    3.03;  21.6;  23.2;  -4.4;  67.80;    9;    91.2;   51.6;eor
       4177;20151201;20151231;   10;  6.25;   6.86;   10.83;    2.65;    2.23;  15.6;  15.5;  -3.1;  81.10;    9;    27.3;    6.0;eor
       4177;20160101;20160131;   10;  6.74;   3.98;    6.99;    0.65;    2.71;  15.0;  19.6;  -8.1;  58.70;    9;    89.8;   20.2;eor
       4177;20160201;20160229;   10;  7.06;   5.34;    8.60;    2.24;    3.21;  14.9;  24.6;  -4.4;  47.40;    9;    84.9;   14.5;eor
       4177;20160301;20160331;   10;  5.81;   5.66;   10.10;    1.20;    2.68;  16.0;  20.7;  -3.1; 103.40;    9;    56.0;   12.3;eor
       4177;20160401;20160430;   10;  6.12;   9.65;   14.65;    4.54;    2.40;  21.2;  17.9;  -1.1; 153.10;    9;    93.1;   30.6;eor
       4177;20160501;20160531;   10;  5.86;  14.64;   19.82;    9.57;    2.35;  26.9;  17.3;   1.3; 196.70;    9;    77.8;   31.3;eor
       4177;20160601;20160630;   10;  5.97;  18.33;   23.21;   13.51;    2.07;  34.1;  12.2;   8.4; 171.50;    9;   112.7;   19.6;eor
       4177;20160701;20160731;   10;  5.45;  20.73;   26.39;   14.85;    2.03;  34.6;  20.0;   9.3; 262.50;    9;    47.5;   15.1;eor
       4177;20160801;20160831;   10;  4.20;  20.15;   27.05;   13.85;    2.16;  35.6;  14.3;   7.1; 261.50;    9;    27.0;   14.6;eor
       4177;20160901;20160930;   10;  4.42;  18.18;   25.12;   11.59;    2.07;  33.2;  12.3;   6.0; 238.40;    9;    35.3;   23.8;eor
       4177;20161001;20161031;   10;  6.15;   9.84;   14.42;    5.47;    2.19;  19.4;  13.3;   0.6;  88.20;    9;    52.3;   11.5;eor
       4177;20161101;20161130;   10;  -999;   5.91;    9.15;    2.18;    2.63;  17.1;  19.5;  -6.6;  53.60;    9;    60.1;   16.4;eor
       4177;20161201;20161231;   10;  -999;   1.89;    4.49;   -0.74;    2.35;  10.1;  15.8;  -6.9;  61.80;    9;     6.1;    2.3;eor
       4177;20170101;20170131;   10;  -999;  -1.38;    1.75;   -4.50;    2.58;   8.4;  26.3; -12.0;  73.30;    9;    20.4;    5.6;eor
       4177;20170201;20170228;   10;  -999;   5.13;    9.50;    0.90;    2.68;  18.4;  26.4;  -4.1;  85.70;    9;    41.7;   14.6;eor
       4177;20170301;20170331;   10;  6.23;   9.31;   14.82;    3.80;    2.97;  23.8;  18.5;  -1.9; 173.80;    9;    65.1;   16.2;eor
       4177;20170401;20170430;   10;  -999;   9.64;   15.64;    3.19;    2.13;  25.3;  14.1;  -3.4; 208.80;    9;    19.8;    3.9;eor
       4177;20170501;20170531;   10;  5.59;  16.16;   22.26;    9.92;    2.19;  33.2;  15.8;   1.1; 245.80;    9;    64.0;   19.4;eor
       4177;20170601;20170630;   10;  -999;  20.43;   26.69;   13.53;    2.37;  34.7;  19.7;   6.4; 281.90;    9;    71.5;   17.3;eor
       4177;20170701;20170731;   10;  5.91;  20.91;   26.66;   15.34;    2.45;  34.7;  18.6;  10.4; 220.50;    9;   102.8;   27.2;eor
       4177;20170801;20170831;   10;  5.35;  20.02;   26.09;   14.41;    2.06;  31.9;  14.9;   8.6; 217.70;    9;    68.7;   19.3;eor
       4177;20170901;20170930;   10;  5.81;  14.25;   20.42;    9.20;    2.10;  26.6;  23.2;   3.7; 158.80;    9;   107.3;   62.3;eor
       4177;20171001;20171031;   10;  -999;  11.97;   17.41;    7.61;    2.32;  24.4;  18.5;  -1.2; 124.60;    9;    66.8;   31.5;eor
       4177;20171101;20171130;   10;  -999;   6.16;    9.46;    3.09;    2.70;  17.6;  17.4;  -1.6;  46.70;    9;   106.9;   29.5;eor
       4177;20171201;20171231;   10;  -999;   4.21;    6.45;    1.84;    3.19;  14.6;  25.9;  -2.3;  26.90;    9;    80.7;   14.7;eor
       4177;20180101;20180131;   10;  -999;   6.68;    9.15;    4.10;    3.16;  13.7;  25.5;  -3.8;  37.40;    9;   127.6;   14.2;eor
       4177;20180201;20180228;   10;  5.76;   0.54;    3.50;   -2.37;    2.75;   9.7;  16.3; -12.0; 104.70;    9;    28.6;   10.0;eor
       4177;20180301;20180331;   10;  -999;   5.25;    9.83;    0.52;    2.68;  15.9;  18.1;  -6.6; 104.60;    9;    32.3;    7.9;eor
       4177;20180401;20180430;   10;  -999;  13.97;   20.65;    6.57;    2.30;  28.7;  21.6;  -0.7; 241.00;    9;    29.5;    7.3;eor
       4177;20180501;20180531;   10;  4.80;  16.86;   22.83;   10.52;    2.29;  29.6;  16.0;   2.6; 256.20;    9;    71.9;   18.3;eor
       4177;20180601;20180630;   10;  -999;  20.00;   26.08;   13.79;    2.13;  31.8;  16.3;   6.1; 257.60;    9;    48.0;   28.7;eor
       4177;20180701;20180731;   10;  3.59;  22.46;   29.50;   15.19;    2.13;  36.0;  15.5;  10.7; 322.30;    9;    53.6;   20.9;eor
       4177;20180801;20180831;   10;  -999;  22.01;   28.99;   15.05;    2.26;  36.4;  24.4;   7.0; 272.60;-999;-999;-999;eor
       4177;20180901;20180930;   10;  -999;  16.88;   24.63;    9.77;    2.13;  32.0;  21.7;   1.4; 252.90;    9;    25.0;   15.0;eor
       4177;20181001;20181031;   10;  -999;  11.96;   18.44;    6.13;    2.29;  27.2;  20.9;  -1.1; 162.90;    9;    12.1;    7.4;eor
       4177;20181101;20181130;   10;  -999;   6.32;   10.23;    2.18;    1.87;  17.2;  13.4;  -4.1;  91.00;    9;    32.6;   11.3;eor
       4177;20181201;20181231;   10;  -999;   5.08;    7.35;    2.52;    2.77;  14.1;  20.6;  -3.6;  24.50;    9;   105.5;   25.2;eor
       4177;20190101;20190131;   10;  -999;   1.93;    4.10;   -0.97;    2.81;   9.4;  17.7;  -8.1;  32.50;    9;    43.9;    8.1;eor
       4177;20190201;20190228;   10;  4.70;   4.87;   11.60;   -0.57;    2.14;  19.4;  23.1;  -5.6; 159.10;    9;    19.8;    5.5;eor
       4177;20190301;20190331;    9;  4.65;   8.44;   13.55;    3.34;    3.19;  20.7;  29.9;  -3.1; 157.80;    9;    64.7;   17.3;eor
       4177;20190401;20190430;    9;  4.86;  10.76;   16.74;    4.68;    2.50;  26.6;  20.1;  -0.6; 172.40;    9;    38.5;    8.4;eor
       4177;20190501;20190531;    9;  5.42;  12.55;   18.17;    6.51;    2.16;  25.5;  16.4;  -0.5; 215.80;    9;   106.0;   28.0;eor
       4177;20190601;20190630;    9;  3.82;  20.85;   27.78;   13.27;    2.13;  37.3;  26.2;   7.0; 307.10;    9;    51.4;   24.3;eor
       4177;20190701;20190731;    9;  4.86;  21.33;   28.19;   14.21;    2.19;  39.2;  20.0;   6.9; 301.90;    9;    50.8;   13.3;eor
       4177;20190801;20190831;    9;  4.26;  20.82;   27.87;   14.31;    2.10;  33.1;  23.9;   8.9; 266.80;    9;    52.6;   19.4;eor
       4177;20190901;20190930;    9;  4.85;  15.88;   21.59;    9.93;    2.47;  27.4;  21.1;   4.6; 184.70;-999;-999;-999;eor
       4177;20191001;20191031;    9;  -999;  12.55;   17.06;    8.48;    2.35;  27.1;  16.7;   3.3; 101.10;    9;   113.7;   25.3;eor
       4177;20191101;20191130;    9;  -999;   6.19;    9.44;    2.77;    2.33;  18.2;  16.6;  -2.1;  41.10;    9;    51.4;   17.6;eor
       4177;20191201;20191231;    9;  -999;   4.59;    7.76;    1.40;    2.65;  14.8;  22.0;  -3.6;  64.40;    9;    73.7;   10.0;eor
       4177;20200101;20200131;    9;  -999;   4.11;    7.34;    0.24;    2.39;  15.3;  19.7;  -4.3;  51.20;    9;    31.7;   11.6;eor
       4177;20200201;20200229;    9;  -999;   7.21;   11.83;    3.34;    3.59;  19.2;  28.5;  -4.1;  82.40;    9;   131.0;   23.7;eor
       4177;20200301;20200331;    9;  -999;   7.34;   12.58;    2.05;    2.94;  19.4;  29.7;  -4.7; 180.60;    9;    57.6;   15.0;eor
       4177;20200401;20200430;    9;  -999;  12.62;   20.64;    4.22;    2.40;  25.1;  16.0;  -4.2; 309.40;    9;     5.6;    2.4;eor
       4177;20200501;20200531;    9;  3.35;  14.39;   20.97;    6.71;    2.35;  27.0;  16.5;  -0.3; 273.20;    9;    46.1;   25.9;eor
       4177;20200601;20200630;    9;  4.45;  18.35;   24.08;   12.79;    2.47;  30.3;  16.2;   8.7; 203.30;    9;    73.0;   18.5;eor
       4177;20200701;20200731;    9;  3.49;  20.96;   27.89;   12.95;    2.29;  36.7;  14.7;   7.7; 313.10;    9;    17.4;    5.9;eor
       4177;20200801;20200831;    9;  4.05;  22.11;   28.79;   15.45;    2.16;  37.0;  19.1;   9.1; 228.70;    9;    39.8;   10.2;eor
       4177;20200901;20200930;    9;  3.87;  17.14;   23.91;   10.53;    2.13;  32.2;  16.5;   2.8; 207.50;    9;    30.5;   17.1;eor
       4177;20201001;20201031;    9;  6.27;  11.50;   15.33;    7.73;    2.71;  22.3;  21.3;   0.8;  64.20;    9;    56.7;   12.5;eor
       4177;20201101;20201130;    9;  5.49;   6.59;   10.64;    2.76;-999;  22.0;-999;  -6.5;  90.00;    9;    25.6;    9.2;eor
       4177;20201201;20201231;    9;  6.51;   4.39;    6.98;    1.11;    2.06;  15.0;  19.1;  -3.2;  18.70;    9;    72.0;   22.7;eor
       4177;20210101;20210131;    9;  -999;   2.57;    4.80;    0.11;    2.77;  13.2;  20.9;  -7.2;  30.20;    9;    82.8;   16.7;eor
       4177;20210201;20210228;    9;  4.23;   3.90;    9.34;   -1.08;    2.11;  20.5;  20.7; -15.6; 113.00;    9;    49.8;   12.2;eor
       4177;20210301;20210331;    9;  -999;   6.28;   11.89;    0.95;    2.48;  25.3;  23.0;  -4.6; 158.40;    9;    47.6;   13.2;eor
       4177;20210401;20210430;    9;  -999;   8.02;   13.99;    1.07;    2.40;  24.4;  17.3;  -3.3; 208.70;    9;    35.3;   11.4;eor
       4177;20210501;20210531;    9;  5.61;  12.01;   17.29;    6.65;    2.77;  29.1;  23.1;  -0.8; 178.30;    9;    70.2;   16.2;eor
       4177;20210601;20210630;    9;  5.11;  20.46;   26.65;   14.33;    2.03;  34.3;  25.9;   6.9; 243.40;    9;   125.1;   23.4;eor
       4177;20210701;20210731;    9;  4.76;  19.42;   24.85;   13.99;    2.06;  28.8;  18.7;  11.3; 215.10;    9;   116.9;   24.8;eor
       4177;20210801;20210831;    9;  5.49;  18.13;   23.14;   13.71;    2.10;  31.2;  14.1;  10.3; 164.30;    9;    93.4;   27.9;eor
       4177;20210901;20210930;    9;  4.37;  16.68;   23.06;   10.62;    1.80;  27.8;  14.3;   5.5; 221.00;    9;    30.0;   10.3;eor
       4177;20211001;20211031;    9;  5.54;  10.00;   15.38;    5.12;    2.00;  22.5;  28.2;  -0.2; 130.20;    9;    70.6;   26.3;eor
       4177;20211101;20211130;    9;  5.76;   5.07;    7.59;    2.35;    2.40;  14.0;  21.6;  -1.8;  42.70;    9;    31.3;    9.0;eor
       4177;20211201;20211231;    9;  6.09;   4.75;    7.36;    2.20;    2.55;  15.0;  20.8;  -7.5;  33.70;    9;    65.5;   11.1;eor
       4177;20220101;20220131;    9;  5.88;   3.23;    6.11;    0.21;    2.97;  15.1;  18.4;  -3.7;  54.40;    9;    60.4;   33.1;eor
       4177;20220201;20220228;    9;  -999;   6.11;   10.10;    2.26;    3.32;  15.7;  26.5;  -4.8;  92.70;    9;    60.7;   34.6;eor
       4177;20220301;20220331;    9;  3.04;   7.09;   13.73;    0.57;    2.23;  21.0;  14.5;  -5.9; 222.30;    9;    26.7;    7.2;eor
       4177;20220401;20220430;    9;  4.90;   9.80;   15.05;    4.35;    2.60;  25.2;  23.7;  -3.1; 190.70;    9;    96.5;   52.5;eor
       4177;20220501;20220531;    9;  4.77;  16.68;   23.32;    9.19;    2.16;  31.9;  15.9;   3.1; 284.60;    9;    21.3;    5.6;eor
       4177;20220601;20220630;    9;  4.22;  20.71;   27.76;   13.07;    2.10;  37.1;  19.6;   8.9; 289.40;    9;    77.6;   27.1;eor
       4177;20220701;20220731;    9;  3.45;  22.27;   29.39;   13.98;    2.29;  38.2;  17.0;   8.9; 344.10;    9;     4.5;    2.8;eor
       4177;20220801;20220831;    9;  3.30;  22.92;   30.34;   15.59;    2.26;  38.4;  14.6;  10.5; 307.10;    9;    67.4;   35.5;eor
       4177;20220901;20220930;    9;  5.35;  15.34;   20.91;   10.65;    2.20;  30.4;  21.6;   3.6; 159.50;    9;   142.9;   40.6;eor
       4177;20221001;20221031;    9;  6.11;  14.19;   19.54;    9.63;    1.81;  24.5;  14.4;   4.1; 138.70;    9;    77.5;   25.5;eor
       4177;20221101;20221130;    9;  6.48;   8.27;   11.56;    4.57;    2.10;  17.0;  17.0;  -0.3;  59.00;    9;    84.6;   17.9;eor
       4177;20221201;20221231;    9;  -999;   3.74;    6.15;    0.71;    2.48;  19.1;  17.8; -12.3;  27.90;    9;    59.1;   16.0;eor
       4177;20230101;20230131;    9;  6.64;   5.13;    7.67;    2.68;    3.10;  17.5;  22.0;  -3.7;  38.70;    9;    43.9;    8.9;eor
       4177;20230201;20230228;    9;  5.02;   4.84;    8.64;    1.44;    2.61;  17.3;  18.4;  -7.0;  99.10;    9;    10.6;    5.3;eor
       4177;20230301;20230331;    9;  5.77;   8.04;   12.78;    3.26;    2.90;  20.9;  25.1;  -4.3; 116.20;    9;    92.6;   27.3;eor
       4177;20230401;20230430;    9;  5.98;   9.60;   14.44;    4.61;    2.37;  21.2;  16.9;  -3.3; 147.10;    9;    54.6;    8.4;eor
       4177;20230501;20230531;    9;  5.05;  15.45;   21.13;    9.89;    2.39;  28.0;  19.7;   4.1; 228.40;    9;    28.5;   10.0;eor
       4177;20230601;20230630;    9;  2.69;  21.34;   28.41;   13.49;    2.23;  33.8;  14.1;  10.1; 351.30;    9;    38.7;   14.3;eor
       4177;20230701;20230731;    9;  4.94;  20.97;   27.23;   14.54;    2.48;  36.2;  15.9;  11.1; 245.20;    9;   112.7;   21.4;eor
       4177;20230801;20230831;    9;  5.26;  20.55;   25.99;   15.90;    2.23;  33.5;  30.8;  11.5; 190.90;    3;    91.9;   29.1;eor
       4177;20230901;20230930;    9;  3.85;  19.03;   26.61;   12.44;    1.83;  31.7;  21.7;   4.9; 262.30;    3;    15.0;    6.5;eor
       4177;20231001;20231031;    9;  6.45;  13.57;   19.25;    8.19;    2.32;  28.9;  21.1;   0.2; 123.50;    3;   104.5;   27.9;eor
       4177;20231101;20231130;    9;  6.87;   7.80;   10.56;    4.73;    3.13;  17.7;  23.4;  -2.4;  25.10;    3;   122.5;   19.4;eor
       4177;20231201;20231231;    9;  6.83;   5.85;    8.29;    2.89;    3.10;  13.2;  20.1;  -6.5;  38.60;    3;    70.1;   16.2;eor
       4177;20240101;20240131;    9;  5.96;   2.67;    6.65;   -1.27;    2.84;  14.2;  22.0; -12.3;  76.60;    3;    86.3;   19.6;eor
       4177;20240201;20240229;    9;  6.70;   8.50;   11.87;    4.72;    3.03;  17.8;  20.5;  -1.6;  52.60;    3;    62.9;   12.2;eor
       4177;20240301;20240331;    9;  6.73;   9.18;   13.98;    4.60;    2.39;  19.6;  18.1;  -1.2; 113.40;    3;    71.8;   19.6;eor
       4177;20240401;20240430;    9;  6.62;  11.19;   16.81;    5.71;    2.40;  28.1;  21.0;  -0.6; 151.90;    3;    74.6;   11.3;eor
       4177;20240501;20240531;    9;  5.89;  15.72;   20.76;   10.71;    2.39;  27.2;  15.8;   6.3; 190.60;    3;   179.4;   67.5;eor
       4177;20240601;20240630;    9;  5.54;  18.78;   23.94;   13.32;    2.33;  32.6;  13.8;   5.9; 212.60;    3;    83.4;   23.7;eor
       4177;20240701;20240731;    9;  5.33;  20.72;   26.62;   15.06;    2.03;  33.4;  17.6;  10.8; 248.40;    3;    94.8;   30.0;eor
       4177;20240801;20240831;    9;  4.33;  21.77;   28.40;   15.19;    1.97;  34.7;  19.1;   8.9; 289.50;    3;    64.3;   30.4;eor
       4177;20240901;20240930;    9;  5.67;  16.51;   21.54;   12.00;    2.33;  32.3;  18.8;   3.0; 132.50;    3;    78.6;   20.1;eor
       4177;20241001;20241031;    9;  6.18;  12.28;   16.81;    7.92;    1.94;  22.1;  24.3;   3.2;  71.50;    3;   115.4;   49.8;eor
       4177;20241101;20241130;    9;  6.00;   6.75;    9.36;    3.43;    2.53;  19.1;  21.5;  -3.1;  38.50;    3;    65.3;   30.6;eor
       4177;20241201;20241231;    9;  -999;   3.79;    6.02;    1.31;-999;  14.0;-999;  -4.1;  25.40;    3;-999;-999;eor
